100 1
40 40
43 46
43 43
40 41
43 44
41 42
40 41
41 41
41 41
41 42
40 40
41 42
43 44
41 42
41 43
41 42
43 43
42 42
43 44
43 45
40 41
43 43
40 41
42 44
41 45
41 41
40 42
42 44
41 42
40 40
42 44
41 43
41 42
43 47
40 43
42 45
43 46
43 47
43 44
41 42
42 43
40 40
40 40
42 45
42 43
43 44
40 44
43 44
40 40
40 43
40 41
41 41
43 45
41 41
42 43
42 43
40 40
40 41
41 42
43 46
41 43
41 42
42 44
43 44
43 44
41 44
41 41
42 43
43 46
40 40
41 45
40 40
43 45
40 40
42 43
42 43
42 43
42 43
42 43
42 45
43 46
41 41
42 46
43 43
40 42
40 42
42 42
43 43
43 44
41 42
43 43
41 41
42 42
43 44
40 41
40 42
41 41
42 42
41 45
42 44
