100 100
43 44 44 44 40 41 40 42 41 44 43 43 43 46 46 49 46 47 51 51 39 39 50 50 46 46 51 53 43 44 41 42 41 43 44 44 45 45 50 52 41 41 48 49 51 54 43 46 42 43 48 52 46 46 46 48 50 54 41 44 49 51 45 48 41 41 45 45 44 45 45 49 48 48 42 42 44 45 51 53 39 40 42 46 44 44 40 43 42 42 41 41 46 48 48 49 46 47 40 42 48 48 47 47 41 43 47 48 48 50 43 44 40 43 40 41 41 42 44 46 43 43 42 45 48 52 43 45 45 45 48 51 48 48 45 48 41 42 40 41 38 39 44 45 48 50 47 50 46 49 47 50 49 52 45 47 45 47 45 49 42 45 40 40 47 47 39 40 40 41 41 42 42 43 45 47 47 48 45 46 43 46 48 52 43 45 45 45 48 48 45 46 42 43 44 45 48 48 48 48
42 43 43 45 41 45 40 41 40 40 46 46 45 49 46 46 48 51 49 51 40 41 49 50 48 48 50 52 46 50 43 46 39 42 45 47 44 45 49 49 39 40 51 51 50 52 41 43 43 44 51 51 48 50 45 46 49 50 40 43 48 49 43 44 41 41 45 47 42 42 45 45 50 50 44 45 45 45 48 51 41 41 40 40 44 46 40 43 42 42 40 41 47 47 49 50 43 44 43 45 51 53 45 46 41 43 47 47 46 46 44 44 40 41 43 44 39 39 46 46 42 46 41 41 47 49 42 45 48 48 49 51 49 51 46 46 41 42 40 41 40 42 47 47 46 46 48 50 46 46 49 49 48 48 42 43 45 46 48 51 45 46 41 41 50 52 42 42 40 42 43 44 42 42 45 46 46 48 46 46 42 46 48 48 46 46 44 45 45 45 46 46 43 47 43 47 50 51 47 50
44 47 41 44 39 39 42 44 41 43 44 44 43 43 43 44 48 48 49 49 42 42 49 49 46 47 50 53 45 45 41 42 39 39 44 44 45 46 50 50 42 43 50 50 51 52 42 44 43 46 49 49 48 49 46 50 49 50 40 42 48 51 45 47 43 43 47 47 41 41 42 44 48 49 43 45 46 48 51 53 40 42 41 41 43 46 40 42 39 39 42 43 47 47 50 51 46 46 40 41 50 50 44 46 40 43 49 51 47 48 44 44 41 42 41 44 41 41 46 47 41 43 43 45 47 47 41 43 47 48 47 47 49 50 45 47 42 43 40 41 41 41 45 45 45 46 47 48 47 47 46 48 49 50 43 46 47 48 48 48 45 46 40 40 49 51 42 43 42 43 42 43 45 48 44 44 49 49 45 46 44 44 50 50 46 46 45 45 45 46 48 52 45 46 46 46 48 49 46 46
41 42 43 45 40 40 39 39 38 38 43 45 45 49 43 43 49 51 49 50 41 42 51 53 47 47 49 51 43 43 41 41 40 41 44 45 43 44 48 50 40 42 51 52 49 50 40 41 40 41 51 52 46 46 47 47 51 53 38 41 50 54 44 44 44 45 47 49 44 45 44 46 49 53 42 43 45 45 50 54 42 43 40 43 43 43 38 41 42 42 40 44 47 48 49 50 44 44 42 44 51 52 47 47 40 42 47 48 47 47 44 46 40 40 43 43 40 42 44 45 42 42 42 44 48 49 42 43 48 51 49 49 50 50 47 48 42 43 39 40 39 40 47 49 48 49 45 47 48 50 47 51 51 51 43 44 46 46 48 48 44 46 42 44 47 50 41 43 41 41 42 42 44 44 42 45 48 49 46 46 42 42 48 49 43 44 47 50 48 51 46 47 42 43 44 47 50 51 48 48
42 45 43 46 40 41 41 42 39 40 46 48 45 45 44 45 47 47 51 51 42 45 49 50 49 50 51 53 43 43 43 46 40 40 46 46 46 47 48 50 39 40 51 52 49 52 43 46 40 40 50 51 45 46 46 46 49 49 41 42 48 49 44 48 43 44 48 50 43 46 43 43 48 49 42 42 46 50 49 49 41 43 42 43 45 46 39 40 40 42 42 44 46 48 49 50 44 45 40 41 50 53 46 47 41 43 50 52 47 48 44 46 40 40 40 42 40 42 46 48 42 44 42 42 47 49 41 43 46 46 50 52 48 52 45 46 40 41 41 44 38 38 47 47 47 47 45 46 48 48 46 47 49 53 44 46 45 48 48 49 44 47 39 42 50 50 40 43 39 39 44 45 44 45 43 46 46 47 44 45 43 47 49 50 44 44 44 45 48 50 46 47 42 43 44 45 48 52 48 51
41 41 42 42 41 42 41 42 40 41 44 47 46 47 46 50 47 47 51 54 39 40 51 53 47 48 50 51 46 48 42 44 42 42 45 47 43 46 48 50 42 43 51 53 48 48 40 44 42 42 50 52 46 50 48 49 50 52 41 41 50 50 43 43 43 44 47 49 43 45 44 45 51 53 42 43 43 44 48 51 41 42 43 47 44 47 40 43 40 40 42 43 45 45 49 50 46 48 40 41 49 50 47 47 39 39 50 50 46 46 41 43 43 43 43 45 40 41 47 48 44 47 41 41 49 50 41 43 47 50 48 49 51 54 46 47 41 45 40 42 41 42 44 44 48 48 47 49 45 45 47 50 50 51 43 43 46 49 48 51 45 47 42 42 50 50 39 41 39 39 42 44 44 45 44 46 46 46 45 49 43 46 51 53 46 48 45 45 45 46 45 47 42 44 43 43 47 49 46 47
43 43 41 41 42 42 41 43 39 40 46 48 46 47 45 45 49 50 51 53 40 40 50 50 47 48 51 51 43 43 44 45 40 41 45 45 45 47 48 50 40 42 49 49 48 49 43 44 41 41 51 51 46 48 45 45 49 49 40 42 49 51 42 42 43 45 48 52 41 42 43 44 50 51 43 44 44 46 51 51 42 44 43 43 44 44 38 38 41 41 39 40 47 48 48 49 46 47 42 43 50 54 46 46 40 41 48 49 48 48 44 45 41 42 41 43 39 41 44 46 43 43 42 45 50 52 41 42 45 46 50 53 51 51 46 48 39 40 40 41 41 41 46 48 46 47 45 45 45 45 47 47 51 52 45 45 46 47 48 52 45 46 42 43 50 50 39 43 39 40 44 48 43 43 43 43 46 47 46 46 43 47 50 51 45 45 44 46 45 46 45 47 42 43 44 44 47 48 48 48
43 44 42 43 39 39 39 40 39 43 46 49 43 44 43 43 47 47 50 51 40 40 49 51 49 49 50 50 43 43 44 47 42 43 43 44 43 44 48 51 40 41 48 49 50 51 40 43 41 42 50 53 46 49 48 50 50 50 39 41 48 48 42 43 42 43 47 48 43 45 45 48 49 52 41 43 45 48 49 49 41 41 42 44 45 47 38 38 42 43 39 41 48 52 48 48 45 45 43 44 51 52 47 49 40 44 50 51 48 51 42 45 41 41 42 43 41 42 47 47 44 46 42 45 49 49 44 44 47 48 48 50 51 52 44 47 39 40 39 41 39 40 46 46 45 46 48 48 46 47 46 47 51 51 45 47 45 46 45 46 45 48 40 41 48 50 41 43 41 44 43 43 43 43 44 45 47 50 46 47 42 43 50 53 45 46 46 48 45 48 48 49 45 46 43 44 48 51 48 51
43 44 41 43 42 42 42 45 41 44 46 46 43 46 43 44 49 49 51 51 39 40 48 48 47 47 49 51 45 45 42 42 40 40 46 50 44 45 47 49 42 42 49 52 49 51 40 40 41 45 50 51 47 47 46 47 48 52 38 38 47 47 42 43 44 45 47 47 41 42 43 44 48 49 43 44 45 48 50 50 40 40 42 42 43 43 38 39 40 40 39 40 48 50 49 51 46 50 41 42 50 51 44 44 42 45 50 51 46 48 43 45 40 42 40 43 41 41 46 46 43 44 40 42 47 50 43 44 46 48 48 50 50 52 47 48 41 43 39 39 38 38 45 45 45 45 47 50 48 48 49 49 49 52 45 46 44 48 46 50 44 45 39 40 47 48 39 39 41 41 44 46 42 42 42 43 48 48 44 44 41 42 49 49 43 45 46 46 47 47 46 47 45 47 45 45 50 50 45 45
41 42 42 42 40 41 41 41 40 40 46 48 45 47 43 46 49 49 51 53 41 42 51 52 47 47 48 50 46 48 44 44 42 46 43 47 46 46 49 50 41 44 49 49 49 53 41 41 43 44 48 49 45 49 46 47 51 52 39 41 50 51 44 45 42 43 47 50 41 44 43 45 51 52 43 45 46 47 48 51 39 41 41 41 44 44 41 45 40 41 40 44 45 46 47 50 45 49 43 44 48 52 46 46 42 44 50 53 47 47 42 42 40 41 41 41 42 45 45 47 42 45 40 43 49 53 44 48 46 47 47 48 50 50 46 50 41 43 39 39 41 44 44 46 45 48 47 49 45 47 48 51 50 51 42 46 46 46 45 46 42 43 42 45 50 52 41 42 40 42 41 42 43 44 43 43 46 46 44 45 44 46 50 51 44 46 47 48 45 45 45 46 45 46 46 46 47 48 46 46
41 42 43 43 42 43 42 46 40 42 43 44 44 44 44 47 49 51 48 51 40 41 48 49 47 47 49 52 43 43 41 42 39 39 45 45 44 47 48 49 42 42 49 53 48 49 41 41 41 41 48 49 48 48 48 48 48 51 40 42 50 52 42 45 43 44 45 46 44 45 44 45 51 55 42 42 43 43 49 51 41 42 40 42 46 46 39 39 42 43 41 41 46 47 48 49 43 43 43 43 50 52 46 48 40 40 50 50 49 50 42 45 42 44 43 43 39 41 45 45 42 43 42 42 50 51 44 46 48 48 48 50 48 51 45 46 39 39 41 42 40 40 46 46 48 49 48 50 48 50 46 46 49 50 44 45 45 45 48 48 42 42 42 43 48 50 40 40 41 42 43 44 43 44 43 44 48 49 46 48 41 41 50 51 45 47 44 44 46 46 47 48 44 44 44 47 49 49 48 48
41 41 44 46 39 40 40 42 39 40 45 45 44 44 44 48 49 51 51 53 41 41 51 53 47 48 50 51 45 49 43 43 41 43 43 43 46 47 48 52 42 44 48 49 50 50 42 43 42 42 48 48 46 46 47 47 49 53 40 43 48 48 44 44 43 44 45 46 44 45 45 46 49 49 41 42 43 45 49 52 39 39 41 41 44 46 38 38 41 42 40 41 45 46 49 50 45 45 43 43 49 50 47 48 40 41 50 50 47 48 44 44 40 43 43 43 40 41 46 46 41 41 41 42 50 51 43 46 45 45 49 49 49 49 47 50 40 41 39 40 40 42 47 51 47 49 48 49 45 46 46 48 48 48 43 44 45 49 48 51 44 47 42 43 49 49 40 41 42 43 41 42 45 45 45 45 46 47 44 46 44 44 51 52 46 46 45 46 48 48 47 47 42 43 43 44 47 47 47 47
43 43 42 44 41 42 42 44 38 38 44 45 44 45 46 47 49 49 48 49 42 42 50 54 47 50 51 54 44 45 44 45 40 41 43 47 45 45 50 51 39 42 49 50 49 51 41 43 43 45 51 55 45 47 48 49 51 52 40 43 50 50 45 47 43 43 48 50 41 42 44 44 49 50 42 43 46 50 48 52 42 42 40 41 46 48 38 39 41 42 39 43 47 47 47 49 44 45 41 44 49 50 46 47 39 41 50 51 46 46 41 41 42 44 43 44 42 43 45 46 44 44 43 44 48 48 41 42 46 46 49 49 51 53 44 44 39 40 41 41 41 44 46 49 47 49 48 49 46 47 46 46 49 50 45 46 47 48 46 48 43 45 40 40 50 53 40 43 40 40 43 45 43 43 42 42 49 49 44 48 44 44 50 51 45 45 47 48 48 48 46 48 45 45 46 46 50 51 48 52
41 42 42 43 41 45 39 40 39 39 45 49 45 47 45 46 46 48 49 50 39 42 49 50 48 48 51 53 43 43 41 42 39 39 45 46 44 48 47 47 41 43 48 49 49 50 42 42 41 41 48 50 45 46 48 50 49 50 38 40 47 50 43 44 44 45 48 50 42 44 43 43 51 51 43 44 43 45 50 53 41 42 41 45 43 43 38 41 40 42 40 41 46 49 47 48 43 43 40 42 51 51 47 50 40 40 49 50 49 51 43 43 41 41 43 43 40 41 45 49 42 46 41 41 49 51 43 45 47 50 50 53 48 48 46 47 39 42 38 40 38 41 44 44 48 48 48 50 47 47 47 48 48 48 42 43 47 49 48 51 42 45 39 39 49 50 40 40 40 42 41 43 44 47 43 43 46 47 46 46 44 45 51 53 44 46 47 48 47 48 46 46 45 47 45 45 50 52 46 46
41 44 42 43 39 40 42 42 39 41 43 45 46 49 43 45 48 48 48 50 40 41 51 54 46 46 50 53 44 47 43 45 42 44 46 46 46 46 49 52 42 43 49 50 48 50 42 44 43 44 49 49 45 46 45 45 51 53 41 42 50 50 45 46 44 45 47 48 43 44 42 43 51 53 43 45 44 48 50 50 41 42 42 42 45 46 39 43 42 42 39 39 48 49 48 48 46 47 43 45 51 52 45 48 39 40 47 47 48 49 44 46 42 43 40 40 40 40 44 47 44 44 43 43 47 49 41 43 45 45 47 49 51 53 47 48 39 39 39 39 38 41 45 45 45 47 48 48 46 48 49 49 48 49 44 46 47 48 45 48 42 44 41 42 49 52 41 42 39 39 44 46 45 46 42 42 49 51 43 43 44 46 49 50 43 44 44 45 46 47 46 47 42 42 45 46 47 47 46 49
43 46 42 42 40 42 41 43 38 40 43 45 44 46 45 46 49 49 51 53 40 41 48 48 46 46 48 52 46 47 41 43 41 44 46 46 46 48 48 49 41 42 50 51 51 52 43 43 43 44 49 51 45 45 48 50 49 49 40 42 50 50 45 45 42 46 46 49 44 44 43 43 50 51 41 43 43 43 51 52 39 40 41 43 46 48 41 44 39 40 39 42 47 49 50 53 44 45 40 42 51 52 44 44 40 42 49 52 47 48 43 43 42 43 42 46 41 41 45 45 43 43 43 44 49 49 43 43 47 48 49 49 48 52 44 44 42 46 38 39 41 41 47 49 48 49 46 49 48 48 47 50 51 51 45 46 46 48 46 46 42 43 40 42 47 49 41 42 42 42 43 43 42 43 45 47 46 46 45 46 43 44 48 49 46 47 44 45 47 48 47 47 43 44 45 46 50 52 47 48
44 45 41 42 39 41 39 40 41 42 43 44 43 43 46 47 49 50 48 50 39 42 50 53 49 52 51 51 46 47 43 43 39 39 44 46 44 44 48 49 41 44 48 49 50 50 41 42 43 44 51 51 48 48 45 45 48 51 39 39 50 50 43 44 43 47 47 48 41 43 44 44 49 50 41 42 43 43 49 50 41 42 42 42 43 43 41 43 42 42 42 42 45 47 48 49 46 48 43 45 48 48 46 46 41 41 49 52 47 47 43 44 40 41 43 47 39 40 45 46 44 44 40 41 48 48 42 43 46 47 48 48 49 52 46 47 42 42 39 39 38 42 44 45 48 49 47 50 48 48 47 48 50 53 42 43 45 47 48 50 43 45 39 40 48 48 42 42 40 44 44 44 44 46 44 45 47 47 45 45 43 44 49 49 46 46 44 47 46 47 47 47 43 45 45 47 48 48 47 48
44 44 41 41 39 39 39 39 41 44 44 46 45 45 45 47 49 49 48 50 42 45 51 51 46 48 51 53 45 45 43 46 40 41 45 48 45 46 48 49 42 44 50 52 48 48 42 42 43 43 51 53 46 47 48 48 51 51 41 43 47 51 44 44 43 43 45 45 43 44 42 45 48 50 42 45 46 47 49 50 41 42 41 41 43 43 40 41 42 42 41 42 45 47 50 51 44 45 43 44 48 50 45 45 39 41 47 47 49 50 41 43 42 42 40 41 40 41 47 48 43 44 43 43 50 52 44 45 45 47 48 51 48 49 47 50 42 44 39 39 38 41 44 44 46 46 46 49 48 52 49 51 49 52 43 46 45 45 47 48 44 45 42 43 49 49 39 41 41 42 41 41 45 48 45 45 46 49 46 47 43 44 50 51 43 43 46 49 45 45 47 49 44 45 44 45 47 51 48 49
43 44 41 42 39 40 39 40 40 41 45 45 44 45 43 46 47 47 49 52 42 43 50 50 49 50 50 51 45 46 44 44 40 41 46 48 45 49 48 48 41 43 50 51 49 50 41 41 42 42 48 48 48 50 47 50 49 50 41 42 49 51 43 45 44 45 46 46 43 44 43 45 50 50 43 43 45 45 49 50 39 42 42 44 46 47 41 42 40 41 41 44 46 48 48 48 45 47 41 42 48 49 44 44 41 45 47 48 47 48 43 44 41 43 40 42 39 40 46 49 44 46 42 43 47 48 41 44 45 45 47 48 51 51 47 48 42 42 38 38 39 39 47 50 45 48 45 45 48 48 47 47 49 51 43 43 47 48 45 46 44 46 40 40 48 51 42 44 42 45 44 48 43 47 42 44 48 49 43 43 42 42 51 52 46 50 47 49 46 48 45 48 44 45 43 44 50 52 48 49
41 42 44 44 40 41 42 44 40 44 46 47 43 43 43 45 47 47 49 51 40 42 50 52 47 48 51 51 46 49 44 46 39 41 44 46 45 49 49 50 41 42 49 53 49 49 40 41 42 42 49 49 48 48 45 47 49 50 39 41 48 49 44 44 43 43 48 50 43 43 43 44 48 50 42 42 46 48 49 49 41 43 40 42 43 44 41 44 40 42 40 40 48 49 47 48 46 46 40 41 51 55 44 46 41 42 47 47 48 49 44 45 42 44 42 45 42 43 45 45 44 45 42 44 50 52 43 46 46 48 50 51 50 51 45 46 40 42 38 40 39 39 44 45 46 46 46 48 46 46 46 47 51 53 42 45 46 46 45 46 44 45 39 40 49 50 39 39 42 44 44 45 42 44 45 46 47 47 46 47 42 42 48 48 44 44 44 47 48 48 47 49 43 44 44 46 47 47 47 47
44 45 41 41 39 40 41 43 41 41 43 45 43 45 46 50 48 49 49 49 39 39 48 49 47 48 48 48 45 47 41 41 42 42 43 45 46 49 47 47 42 45 51 52 50 51 41 42 41 41 50 52 45 45 47 48 51 51 39 40 48 48 44 45 43 46 47 48 44 45 45 46 49 52 44 48 44 45 50 50 39 39 42 42 45 46 39 40 40 42 40 43 46 49 47 50 43 43 41 42 50 51 44 44 41 41 50 52 46 46 42 42 40 41 41 41 40 42 45 45 42 44 42 46 49 51 43 45 47 50 48 49 49 51 46 49 39 40 38 40 39 43 44 44 46 49 46 46 45 45 47 49 51 52 45 46 47 50 46 50 42 45 42 42 48 49 42 44 41 41 44 46 43 45 45 46 47 49 44 47 43 43 50 52 45 45 47 47 48 51 48 48 43 43 43 43 48 50 47 48
42 42 43 43 40 40 39 39 38 42 45 46 45 47 45 45 49 50 51 52 40 40 48 49 46 47 48 49 43 46 42 45 42 44 43 44 46 46 49 49 41 41 50 52 51 52 43 44 40 40 49 51 45 46 45 47 51 51 41 43 50 51 42 44 42 43 47 49 43 44 43 45 48 50 42 43 44 44 51 52 42 42 43 43 44 46 39 40 39 42 39 40 46 47 48 48 45 46 43 44 49 50 46 47 40 40 47 48 48 48 41 41 42 42 43 45 41 42 46 46 42 46 40 40 47 47 44 45 46 49 49 49 50 51 46 46 39 39 41 41 39 39 44 44 47 50 47 49 46 47 49 49 51 51 44 45 44 45 47 49 45 48 39 41 48 49 42 42 42 42 41 44 42 43 43 47 48 48 45 46 42 42 50 52 46 47 47 47 45 47 45 46 45 46 45 46 49 49 47 48
44 45 41 43 41 42 39 39 38 38 44 46 43 45 46 46 49 51 51 54 41 42 51 51 49 53 50 50 45 46 41 44 39 42 46 49 46 46 49 49 42 42 48 48 48 50 42 46 43 47 48 48 46 47 47 48 51 52 40 41 50 51 43 43 44 46 46 48 42 43 45 47 50 54 44 47 46 47 49 51 40 42 43 46 46 47 38 40 42 43 41 42 45 45 49 49 44 44 42 42 49 49 44 46 40 40 48 50 49 50 41 41 41 43 43 45 42 42 46 46 43 43 43 43 50 50 44 44 46 48 48 50 50 50 46 46 42 42 38 40 40 40 45 46 47 47 46 48 48 51 49 52 48 49 42 43 46 47 45 46 43 43 39 40 47 48 41 43 39 41 41 42 44 45 44 45 48 50 46 48 43 43 49 49 44 44 47 47 48 48 45 46 44 44 45 48 48 49 45 48
44 44 41 42 42 42 39 39 40 43 43 44 45 48 45 45 48 49 48 50 39 39 48 48 46 46 50 51 43 43 42 46 41 44 45 49 46 49 50 53 39 40 51 51 48 48 41 42 43 45 49 53 46 47 45 45 48 49 38 40 48 50 43 44 44 44 46 46 42 45 43 45 48 49 44 47 45 48 48 49 41 41 43 43 46 47 40 40 42 46 40 41 45 46 48 50 45 46 43 45 50 52 45 48 40 41 49 50 48 49 43 43 43 44 43 43 41 44 46 47 41 43 43 43 50 51 41 41 45 46 47 47 48 48 44 46 40 42 41 43 39 41 47 49 45 45 45 45 48 48 47 48 49 50 43 45 47 48 46 46 45 45 41 42 50 50 41 43 41 44 41 41 42 43 43 47 49 51 43 43 42 42 48 49 45 45 47 48 45 47 46 46 42 43 43 44 48 50 46 46
43 45 43 44 42 43 40 43 39 40 43 44 46 49 44 46 49 49 51 51 40 41 49 49 46 46 48 52 45 46 42 43 41 42 44 44 43 43 49 51 39 40 48 51 51 51 40 43 43 45 51 52 46 47 48 48 48 50 41 42 47 47 44 45 43 43 47 51 41 41 45 47 49 49 42 43 43 44 51 51 39 39 41 44 44 46 39 40 39 43 42 45 47 50 48 48 44 48 40 43 48 50 45 49 39 42 50 50 46 49 42 43 40 40 42 44 39 39 44 44 43 43 43 43 48 49 44 47 45 45 48 48 48 51 45 46 42 44 38 39 38 39 45 46 47 50 47 47 48 48 48 48 49 51 43 46 47 47 47 48 43 44 39 41 48 48 39 41 41 41 43 46 42 42 42 44 48 48 46 49 41 41 50 51 44 44 47 49 46 50 47 51 42 43 43 43 47 48 47 50
42 42 42 42 41 42 39 41 41 41 45 45 43 44 46 50 46 46 51 51 41 43 49 51 47 47 48 48 45 47 44 45 39 40 46 47 43 47 47 50 40 43 51 51 48 48 40 40 43 47 48 51 48 49 45 46 49 53 39 40 48 48 44 45 44 46 47 50 43 44 45 48 48 51 42 43 45 46 49 49 42 44 40 44 43 44 40 41 42 42 42 43 47 48 50 51 45 45 42 42 51 54 47 47 39 40 48 49 46 48 41 44 40 42 42 44 40 42 44 46 44 44 42 45 50 51 41 42 47 49 50 51 48 49 44 45 39 39 39 39 40 40 46 46 46 48 46 50 46 46 47 49 51 51 45 49 45 46 46 46 45 47 42 43 47 50 39 42 40 41 43 44 44 44 42 43 49 49 43 44 43 43 51 54 45 45 45 47 47 49 45 48 43 43 43 45 49 51 47 51
41 41 41 44 42 44 42 45 38 39 44 44 46 47 45 47 48 49 50 51 41 42 51 51 46 46 50 50 44 45 43 44 39 42 46 48 44 45 47 48 39 40 48 52 49 49 43 43 40 41 48 48 48 49 45 48 50 51 39 40 50 50 45 46 43 44 48 49 42 44 45 45 50 50 43 43 45 46 50 52 41 41 43 43 46 46 40 40 42 43 40 44 47 50 47 49 45 46 41 41 48 51 46 49 42 43 47 49 49 49 42 42 40 41 40 40 42 43 47 48 44 48 43 44 49 52 42 42 48 51 49 52 50 52 47 47 39 42 38 39 41 44 44 45 45 48 47 48 45 46 48 50 50 53 42 42 45 46 48 48 43 44 41 42 49 52 41 41 41 41 41 42 45 46 45 45 48 49 45 46 41 41 50 51 46 48 46 46 46 49 45 49 42 44 44 45 48 48 45 47
41 43 42 43 41 41 42 42 39 39 45 46 46 47 44 45 48 48 51 55 42 42 51 51 46 46 51 51 43 46 42 43 42 45 43 44 44 46 48 50 39 40 48 49 48 50 40 41 40 42 50 50 46 47 46 47 50 51 39 39 49 50 44 47 44 45 45 48 44 44 44 47 49 49 44 44 43 44 50 51 39 40 40 42 45 47 40 43 41 41 42 44 47 47 49 52 44 46 40 40 51 54 47 48 40 41 49 52 48 49 42 43 40 42 41 44 39 41 46 47 42 44 40 41 48 49 41 44 46 47 48 50 48 50 46 46 41 43 38 39 41 43 45 45 48 49 45 45 46 48 49 50 49 51 43 45 45 46 47 47 42 44 40 43 50 52 40 41 39 40 44 45 43 43 45 47 46 48 45 48 41 41 51 53 43 44 46 46 47 47 48 48 44 46 45 47 48 48 47 49
41 42 42 42 39 40 41 43 39 43 44 45 46 46 44 45 47 47 50 53 42 44 50 50 47 48 49 49 45 49 41 41 41 42 46 47 43 44 48 49 42 43 49 53 50 50 43 43 42 43 51 54 46 50 45 45 50 54 41 43 49 52 42 43 44 45 45 45 43 43 44 45 50 50 42 43 43 46 48 49 40 41 40 41 44 44 41 44 41 43 41 42 46 48 48 49 43 44 42 45 48 48 45 46 40 42 48 48 49 50 44 45 41 43 41 42 40 42 45 45 41 41 42 44 50 51 41 41 48 50 48 48 50 52 45 48 42 43 40 41 41 43 45 46 47 48 46 49 47 51 48 49 50 50 45 48 44 44 46 48 45 46 42 43 47 47 42 42 39 40 42 46 43 44 44 44 49 50 45 46 42 42 50 50 46 47 45 45 48 51 48 50 43 43 45 45 49 53 47 47
44 45 44 44 39 40 40 43 38 40 43 45 46 47 46 49 49 49 48 48 40 40 48 50 48 50 48 51 44 45 44 44 40 43 44 44 46 48 49 50 42 42 49 49 49 52 41 42 41 45 49 50 45 47 45 48 49 49 39 40 50 52 45 47 44 47 45 46 42 45 42 43 50 50 44 44 45 45 51 52 42 44 42 43 45 45 40 40 41 41 39 40 48 50 49 50 44 44 40 40 51 52 45 48 40 40 50 50 46 48 44 46 43 44 40 41 39 41 44 48 43 43 41 41 48 49 41 42 45 46 47 47 48 49 46 46 40 41 38 38 41 43 46 50 48 50 45 49 48 51 48 49 48 50 44 44 47 49 45 46 45 46 42 43 49 52 42 42 40 41 42 45 43 45 43 43 46 48 44 45 43 46 48 52 43 43 46 48 46 50 45 46 45 45 45 45 47 47 48 48
43 45 43 43 40 42 40 40 40 41 44 44 45 45 45 46 46 47 48 48 39 41 48 50 48 49 49 49 43 45 43 44 40 42 45 46 44 45 50 52 40 44 50 51 50 53 42 43 40 41 50 51 48 49 45 46 48 49 41 42 50 52 44 44 42 43 45 45 41 43 45 45 51 52 44 44 43 45 48 48 39 40 40 41 46 48 41 42 41 41 41 41 48 49 49 50 46 46 41 41 48 48 45 47 41 44 49 50 48 48 43 44 40 40 40 40 40 44 46 46 43 43 40 44 48 52 41 44 48 49 49 49 51 51 44 46 41 41 40 42 38 39 45 46 47 48 46 46 46 48 47 48 49 51 44 45 46 47 45 46 45 46 39 40 50 51 40 41 39 40 43 46 43 44 42 44 47 48 44 45 44 44 49 50 43 43 47 48 47 49 46 48 44 45 46 47 49 53 47 47
43 44 43 44 41 43 41 42 40 40 43 43 44 46 45 45 49 49 48 48 40 43 51 53 47 48 49 49 46 47 42 42 39 42 46 46 44 47 48 50 40 42 50 52 48 49 40 43 41 44 50 54 46 48 46 49 48 49 39 40 50 50 44 45 41 41 48 52 42 43 45 46 51 52 43 44 43 44 49 50 41 42 42 45 46 46 39 41 40 43 42 44 47 48 47 47 46 46 40 41 48 50 46 47 40 40 47 49 48 52 44 44 43 45 42 42 42 44 47 49 43 47 43 47 50 52 43 45 48 48 50 51 49 49 44 45 39 41 38 39 39 41 45 48 48 50 48 51 45 46 49 51 49 50 43 43 44 47 45 47 43 44 42 46 47 47 39 40 39 42 41 41 42 43 43 43 48 49 44 44 43 43 49 51 43 44 45 47 46 47 47 48 43 46 45 46 49 50 45 48
42 42 41 43 42 43 40 42 40 40 44 45 44 45 45 48 48 48 50 51 40 40 48 51 48 48 51 52 45 49 44 44 39 39 43 44 44 45 49 49 41 44 49 50 51 52 40 42 43 43 51 52 45 45 48 48 48 50 39 40 50 50 44 45 42 43 47 49 41 43 44 46 51 53 42 46 44 45 48 49 39 42 43 43 45 46 38 41 41 44 40 40 47 50 47 47 46 47 41 44 51 51 45 45 39 41 48 49 46 46 43 46 41 42 41 42 42 44 47 47 41 42 41 42 47 48 43 46 47 48 47 50 48 48 44 44 40 42 39 42 38 38 45 48 46 49 47 47 45 49 47 48 51 52 43 43 45 49 47 48 42 43 41 42 50 51 41 44 41 41 44 45 44 48 42 44 48 50 43 47 41 41 50 50 46 46 46 47 45 48 46 47 44 45 43 44 49 50 46 49
43 45 43 44 39 39 41 44 41 42 46 47 45 45 44 47 47 47 49 49 40 43 49 49 49 51 49 50 46 47 44 45 41 41 46 47 43 44 49 53 39 39 50 50 49 50 40 42 42 43 49 50 46 47 45 45 48 50 40 41 48 49 42 42 42 44 47 47 44 45 42 44 50 54 41 41 45 45 51 53 42 42 41 42 44 46 41 41 40 44 41 42 46 48 50 50 43 43 42 42 50 50 44 44 41 41 50 51 49 49 43 47 42 42 40 43 40 44 46 47 42 44 43 43 50 54 41 41 48 49 50 50 50 51 44 44 41 42 41 45 38 38 44 46 45 47 48 50 47 50 49 49 50 51 43 45 45 46 46 46 42 42 42 43 49 49 39 40 39 41 42 43 43 43 45 47 48 49 46 49 41 41 50 50 46 49 45 47 45 45 48 48 42 43 43 43 49 51 46 46
44 45 44 45 40 41 39 40 38 38 46 46 44 45 46 47 46 50 48 49 42 42 49 49 48 51 50 50 44 47 43 45 42 43 44 46 43 47 48 49 41 42 48 49 48 52 43 44 41 42 51 54 48 50 45 45 48 48 39 40 48 49 43 46 43 44 45 45 41 41 45 46 49 50 41 43 45 47 51 52 39 40 42 44 45 45 38 38 42 45 40 43 45 45 48 52 43 46 43 46 49 49 47 48 41 42 50 52 47 49 42 42 40 41 43 44 42 42 45 48 41 41 43 44 48 49 42 43 48 51 47 48 51 54 44 45 41 41 39 41 39 41 45 46 48 49 45 49 48 49 47 50 49 50 42 42 47 48 48 50 45 46 42 42 49 50 41 42 39 41 41 44 45 46 44 45 47 49 45 48 41 42 50 51 45 46 44 46 45 48 48 49 45 48 44 45 47 47 48 50
41 42 43 45 40 41 39 41 41 44 43 44 44 44 45 48 47 48 50 51 41 41 49 50 46 49 50 51 45 45 41 44 40 40 43 46 44 46 49 51 42 43 50 52 48 49 40 42 42 42 48 49 45 46 45 48 49 50 38 40 50 50 43 43 41 44 47 48 41 43 44 46 48 49 44 45 46 46 50 51 39 41 42 44 44 44 41 41 40 40 40 41 46 47 48 50 45 46 41 42 51 53 45 45 42 43 48 48 46 46 44 44 43 46 40 43 39 43 46 50 43 43 43 44 48 50 41 42 47 48 48 49 49 51 47 47 41 42 39 39 38 39 47 48 45 46 48 50 45 48 46 50 51 54 42 42 44 44 48 48 42 45 41 41 50 50 42 45 39 39 44 45 45 45 44 47 48 48 43 44 43 44 48 49 44 45 44 46 48 50 47 50 44 47 46 46 49 53 46 50
42 43 42 43 40 42 41 41 40 41 45 45 44 44 44 46 49 51 48 49 40 40 49 50 47 48 48 49 45 47 41 43 42 43 43 45 43 44 48 49 39 39 51 51 48 49 43 44 42 43 48 49 46 47 46 47 50 51 39 40 47 48 42 43 41 41 48 48 42 43 43 45 50 52 44 46 44 44 48 48 39 40 40 44 46 48 39 41 41 42 41 42 46 46 47 47 44 48 42 42 49 50 45 45 42 42 47 49 47 49 43 44 41 42 41 42 41 42 45 48 43 43 43 43 50 50 44 45 47 49 49 50 50 51 47 47 42 45 38 38 38 39 47 48 46 47 46 49 47 48 49 51 51 53 45 45 47 50 46 46 44 48 41 41 48 48 42 43 42 45 44 48 45 48 42 45 47 49 43 43 42 45 51 53 45 47 46 46 48 51 45 45 44 47 44 47 47 48 45 49
43 44 43 45 40 41 39 39 39 40 46 49 43 43 45 46 48 51 50 50 40 42 49 52 46 47 48 48 45 46 41 45 42 45 46 46 44 44 47 47 41 41 50 53 50 51 41 43 43 45 49 52 48 49 47 49 50 51 39 40 47 47 45 46 42 44 46 48 44 48 42 44 48 51 44 46 43 47 48 49 41 41 43 45 44 44 38 39 39 41 41 44 45 47 48 49 44 44 42 43 49 49 47 49 42 42 50 51 48 51 44 47 42 43 43 46 41 43 47 49 44 45 43 43 48 49 41 42 48 49 49 51 48 50 44 44 40 43 39 42 41 43 46 48 45 45 48 52 48 49 48 48 50 51 45 46 45 46 45 47 45 45 42 43 47 47 40 42 39 39 42 42 42 43 45 46 49 50 43 43 44 46 48 50 45 46 46 47 46 46 45 49 44 45 43 43 49 50 45 45
43 44 42 43 42 42 42 45 40 41 44 47 44 45 45 45 48 50 48 51 39 41 51 52 47 49 49 50 45 46 43 44 40 41 46 50 45 45 47 47 41 41 51 51 49 49 42 43 40 43 49 50 45 46 48 48 50 51 40 43 47 47 44 44 43 43 47 51 44 44 45 45 51 52 42 46 46 46 49 49 39 39 41 42 45 47 40 40 42 42 40 43 46 47 50 53 46 48 42 42 51 51 44 44 40 41 49 52 48 50 41 45 42 42 43 44 42 44 45 47 44 45 40 40 47 50 41 42 45 47 50 54 50 52 47 48 39 41 38 39 38 39 44 45 46 46 45 47 46 47 48 48 51 52 43 44 45 47 46 47 43 45 39 40 49 52 39 40 42 43 43 46 43 45 44 45 49 52 45 45 43 43 51 53 43 43 46 50 47 48 48 48 45 45 43 45 49 49 46 46
41 43 41 42 40 40 40 42 41 41 43 44 44 44 44 44 47 48 48 50 42 42 50 50 46 47 50 52 44 45 44 44 41 43 45 48 46 46 50 50 42 44 51 52 49 50 40 41 42 43 48 48 47 47 47 47 50 52 40 40 47 47 45 46 43 43 48 50 42 43 42 45 50 52 44 45 44 44 48 50 40 41 42 43 46 48 39 39 39 41 40 41 45 46 50 52 45 46 41 44 48 49 46 47 39 40 49 51 49 51 41 44 42 43 42 43 40 40 44 46 41 43 41 41 50 51 44 45 47 48 49 49 49 50 47 49 39 41 39 40 40 41 45 46 48 49 47 47 47 47 46 49 50 50 44 47 47 50 46 48 45 45 42 44 48 49 42 42 40 42 44 46 42 42 45 45 46 46 45 47 43 43 51 53 43 43 47 49 45 45 48 49 42 42 44 45 47 48 47 47
41 44 43 46 40 41 39 40 38 40 46 46 45 45 46 46 49 51 51 54 39 39 51 53 47 49 51 52 46 49 42 44 39 41 46 46 45 45 49 51 42 45 51 55 48 48 41 41 43 44 50 52 46 46 47 49 48 49 41 43 48 48 45 48 41 42 48 48 42 46 42 42 51 53 41 43 43 44 48 49 42 43 42 42 45 45 40 40 41 42 40 44 47 47 47 48 44 48 42 45 51 54 46 48 40 41 49 49 46 49 43 46 43 46 43 46 40 40 45 45 43 46 43 43 48 49 41 42 47 48 50 52 50 53 45 46 39 40 40 41 41 41 45 45 47 47 45 46 45 45 46 48 49 49 44 44 44 44 48 49 45 47 42 44 48 49 39 39 39 40 44 44 43 43 42 44 47 49 43 43 44 44 48 48 46 46 47 48 46 46 47 48 44 47 45 45 47 48 48 51
43 44 44 46 41 43 40 42 41 43 45 48 43 44 44 44 49 51 50 50 41 42 51 51 46 47 49 51 46 47 43 43 40 41 46 49 44 45 47 47 41 41 50 50 48 51 43 45 41 43 49 49 45 45 47 47 51 52 41 42 47 50 45 46 44 44 45 47 44 44 44 45 51 52 42 43 43 44 48 48 39 40 43 47 43 43 39 39 39 40 39 42 45 45 47 47 43 43 41 42 50 51 45 46 39 39 48 48 46 47 44 44 43 44 43 45 41 42 46 46 41 41 43 44 49 49 41 41 45 45 48 48 48 48 46 47 42 46 40 41 38 41 45 45 45 46 46 49 46 48 46 49 48 49 43 44 47 47 45 45 44 46 39 39 48 48 41 43 40 41 44 46 43 43 45 46 47 48 44 44 43 43 51 52 44 47 44 47 45 46 46 49 42 42 43 43 50 50 48 50
43 44 41 41 39 43 39 40 38 40 46 47 43 46 46 47 48 49 50 50 42 42 48 49 46 47 49 53 44 44 44 45 39 40 43 43 46 48 50 51 41 42 48 50 50 50 43 43 40 41 48 49 45 46 46 49 51 53 40 41 50 51 42 46 42 43 45 48 41 41 44 45 49 52 42 45 44 45 51 52 42 43 40 40 45 46 41 43 42 43 39 40 48 51 47 51 46 46 40 41 50 52 47 47 39 39 49 51 48 49 43 47 43 44 40 41 42 42 44 44 42 43 42 42 50 52 41 42 46 46 47 47 50 52 45 45 40 44 38 40 41 43 45 46 46 48 45 45 47 50 46 47 48 50 44 45 44 45 48 49 44 47 39 40 48 48 39 42 39 40 42 46 44 45 45 45 47 50 45 45 41 41 49 50 44 45 46 46 45 48 47 48 45 46 45 47 50 51 46 48
42 45 42 42 39 39 41 42 40 40 43 44 45 46 45 45 49 49 48 49 39 39 51 53 46 48 49 49 44 44 41 43 41 41 43 43 45 46 50 51 40 42 51 54 49 51 42 42 40 40 48 50 46 47 46 47 49 53 39 41 47 47 43 43 42 46 45 48 44 44 43 43 49 49 41 42 44 46 50 50 41 41 43 43 43 46 40 40 42 44 39 40 45 46 49 49 43 46 41 43 48 49 46 46 40 40 49 53 46 46 42 42 41 41 41 41 39 40 46 47 44 47 41 41 47 49 43 43 46 46 47 51 49 50 44 45 41 43 38 41 39 39 46 46 47 47 48 48 47 49 49 49 50 51 44 44 44 44 45 46 42 42 39 41 48 49 42 44 42 45 42 42 45 45 45 45 48 49 46 47 41 42 49 50 45 48 46 50 48 48 46 48 44 44 43 43 49 52 48 48
44 48 44 44 40 40 41 42 39 39 44 45 43 45 45 45 46 46 51 52 42 44 50 51 49 50 50 50 44 47 43 44 42 44 44 44 46 47 50 51 42 44 51 51 48 49 40 40 40 41 48 49 46 46 45 49 48 48 39 41 48 50 43 43 41 41 45 46 41 43 45 45 50 52 41 42 43 43 50 50 41 41 43 45 44 46 39 40 40 40 42 44 48 49 47 49 46 47 42 44 50 51 45 45 41 41 50 50 46 47 42 42 41 44 40 42 40 41 44 45 41 45 42 46 50 54 44 45 48 48 49 50 48 52 44 44 39 41 38 42 41 44 44 46 48 49 45 49 46 48 47 50 51 52 43 46 47 50 45 45 45 48 40 41 49 49 39 39 40 41 44 45 42 42 44 46 47 47 43 46 42 44 49 49 44 45 44 46 46 47 46 49 45 46 46 49 48 48 47 47
43 44 42 42 41 42 39 42 39 40 46 46 43 43 45 45 46 48 51 52 41 42 48 49 46 49 49 49 45 48 41 43 39 41 46 46 46 47 49 51 41 41 51 52 48 50 40 41 40 40 48 50 48 49 47 48 49 49 38 40 50 53 43 44 42 42 45 47 41 42 42 44 48 49 43 46 45 47 51 51 41 41 41 43 45 45 40 43 41 41 41 43 47 48 47 47 43 45 43 46 51 52 44 47 39 42 47 48 47 47 42 46 43 45 43 44 40 40 47 47 41 43 43 45 50 51 42 43 48 48 48 51 51 53 47 50 42 43 39 41 38 38 45 47 45 47 45 46 45 46 48 51 51 52 42 45 46 50 45 46 45 47 40 41 50 51 39 40 42 44 44 46 43 45 43 43 46 46 45 45 44 44 50 50 44 48 46 48 48 49 48 50 43 44 43 43 47 50 48 49
42 43 42 44 39 39 39 40 41 43 45 46 46 47 46 49 48 50 50 52 41 42 48 52 47 49 50 51 44 46 41 43 40 41 44 45 43 43 50 51 41 42 51 53 50 50 42 42 40 43 50 51 46 46 45 47 51 53 38 41 47 50 42 43 43 43 48 48 42 42 45 47 51 51 42 45 46 46 48 48 41 42 40 41 45 45 39 39 39 39 39 42 48 49 48 50 44 44 42 42 51 51 46 47 42 44 47 48 49 51 41 42 43 47 43 43 42 43 44 45 44 44 42 43 49 52 42 42 46 48 50 52 51 51 44 45 41 43 39 40 40 41 45 47 47 47 48 51 46 47 49 49 48 49 43 46 44 45 45 46 44 46 40 42 48 49 42 46 42 45 44 45 43 44 45 46 49 49 46 49 43 44 48 49 43 46 44 48 48 48 45 47 44 45 44 46 49 50 48 49
42 43 43 43 40 41 42 44 41 42 43 43 45 45 44 44 47 49 49 50 39 41 48 48 48 49 50 50 45 47 44 45 40 42 43 43 44 44 47 47 41 43 48 48 49 49 41 42 41 41 49 50 47 48 46 46 48 48 38 38 49 49 43 46 44 45 46 48 44 45 42 43 50 52 41 41 45 46 49 50 42 42 40 40 46 47 40 43 39 40 41 42 48 51 47 49 45 47 41 42 49 52 46 46 42 45 48 48 48 50 41 41 40 44 41 42 41 41 47 49 43 44 42 42 49 49 43 43 46 47 49 51 50 51 47 47 40 41 38 38 38 39 45 46 47 47 48 49 47 49 47 48 51 53 43 43 45 46 48 48 43 46 39 39 47 47 40 40 41 43 44 44 43 46 45 45 46 48 46 47 42 44 51 52 45 46 45 45 47 50 47 50 45 46 44 45 50 50 48 48
43 46 44 45 42 45 40 42 38 40 46 47 45 45 46 47 49 52 50 52 39 42 48 49 49 52 49 49 43 46 43 43 41 42 44 44 45 46 49 51 39 39 51 52 48 50 41 41 41 43 49 49 47 47 46 47 49 49 38 38 48 48 45 49 41 42 46 47 44 44 45 46 49 53 44 44 46 46 51 52 41 42 40 41 46 48 39 41 42 46 39 40 47 49 49 49 44 45 42 44 49 51 45 46 41 41 49 50 46 47 42 45 43 46 41 42 41 41 47 49 44 45 40 42 49 49 44 45 46 48 50 51 48 51 47 48 40 41 40 42 41 41 44 45 46 47 47 49 46 48 46 46 49 49 45 47 44 44 48 49 45 47 41 41 47 47 41 42 41 43 41 43 44 45 44 46 48 48 43 44 43 43 50 53 44 44 44 44 45 45 46 49 42 42 43 43 48 51 45 48
43 44 42 43 40 41 42 44 40 40 43 44 44 45 43 43 47 47 49 51 41 43 50 52 47 47 49 50 44 44 43 46 40 43 43 47 45 47 50 52 42 43 48 49 49 50 42 42 43 45 48 49 48 50 45 47 51 54 38 39 47 50 43 44 41 41 47 50 43 43 45 48 51 51 44 45 44 45 50 50 39 39 43 43 45 47 40 40 39 40 41 41 46 47 47 47 46 46 41 43 51 51 47 49 41 42 47 47 48 52 43 44 42 45 41 45 42 44 47 49 44 45 41 45 48 50 41 42 45 45 47 47 50 53 46 46 40 40 38 40 40 41 45 48 48 51 47 50 45 45 47 48 51 52 45 46 46 49 48 49 43 44 42 42 50 50 41 41 39 41 44 45 44 45 45 45 48 48 45 45 44 45 48 50 44 47 46 47 47 48 48 49 44 47 43 45 48 48 45 48
42 43 43 47 42 43 39 40 39 41 46 46 46 47 44 45 49 51 51 52 40 40 48 51 47 50 49 52 46 48 43 44 40 40 43 44 45 45 50 51 39 40 48 50 48 51 40 41 41 42 48 48 47 50 47 48 49 52 38 40 50 52 43 46 43 45 45 46 43 46 43 46 48 48 43 44 45 45 50 51 42 45 43 45 45 45 41 41 42 43 40 44 46 48 50 51 44 45 43 45 50 51 45 46 40 40 50 51 48 48 44 47 42 42 40 43 41 44 45 45 41 42 40 40 48 50 41 41 46 48 47 47 48 48 45 45 39 41 40 41 39 40 44 46 46 48 47 47 46 47 46 48 48 49 43 44 46 47 48 48 44 46 41 42 49 50 41 44 39 43 44 45 42 43 42 43 47 48 44 45 41 42 48 48 44 45 47 47 48 48 45 45 43 44 45 48 48 49 45 46
42 46 41 41 39 39 41 42 39 41 43 44 44 47 44 45 46 47 51 53 40 41 49 51 46 46 50 50 46 48 44 46 41 44 44 45 44 48 50 50 42 42 50 50 49 51 42 43 43 43 50 52 47 49 47 50 51 52 38 42 50 50 45 48 42 42 45 45 42 42 43 44 51 52 43 47 44 44 51 52 39 39 43 45 45 45 41 42 41 44 41 45 46 47 47 48 45 46 42 43 50 54 47 47 42 44 47 50 48 48 44 44 41 42 40 43 39 40 44 48 43 44 43 46 47 47 41 42 46 46 48 50 48 51 46 47 40 42 40 41 40 41 47 49 45 46 46 47 48 51 49 52 50 52 43 47 47 47 48 51 42 42 39 40 47 51 39 39 39 41 42 42 42 42 43 44 47 47 43 45 44 44 50 52 46 47 46 48 48 52 48 48 45 46 46 47 48 49 45 47
43 44 41 43 42 45 42 44 38 38 44 44 43 43 44 45 46 47 49 51 41 42 49 49 49 50 49 49 45 45 44 45 39 40 43 43 44 45 48 49 41 43 49 51 49 51 42 42 40 40 48 48 46 46 46 46 51 52 38 38 49 51 42 43 44 48 48 48 42 43 45 45 51 52 44 45 44 48 48 49 42 42 40 41 44 47 38 39 39 40 40 40 45 49 50 50 44 45 43 44 49 51 44 44 42 42 48 49 47 49 43 43 42 42 41 42 39 39 44 45 43 44 40 41 50 50 42 43 47 48 50 51 50 50 47 47 42 42 38 38 39 41 45 46 45 45 45 47 47 48 46 47 51 52 45 45 45 47 48 50 44 44 40 41 48 48 39 41 39 39 41 41 45 45 42 45 47 49 44 44 43 43 51 54 44 45 44 44 47 49 46 46 42 45 46 48 47 47 48 49
41 45 44 45 41 42 39 40 39 43 45 47 43 44 44 44 49 49 49 53 40 43 49 53 49 49 50 53 43 44 41 45 39 39 44 47 45 48 48 49 40 42 49 49 50 53 42 43 41 41 51 52 45 46 45 47 49 51 38 42 49 51 42 42 42 44 45 48 43 44 44 44 50 52 43 44 45 45 50 51 39 40 43 46 45 45 39 39 40 41 42 45 45 46 49 52 45 46 40 42 49 49 47 47 40 43 47 47 46 47 42 44 42 42 43 44 42 46 45 46 42 42 40 43 48 51 43 45 48 48 48 50 49 50 45 47 39 41 40 44 40 41 44 44 47 47 48 51 48 51 46 47 51 51 45 49 44 48 45 47 44 45 40 41 49 52 42 42 42 44 42 42 45 45 45 46 47 49 46 48 44 46 48 52 43 43 46 50 45 46 47 48 44 48 44 45 49 49 46 46
41 41 43 46 41 41 39 40 38 40 45 45 46 47 43 46 47 48 48 48 39 40 49 50 48 49 51 52 46 46 44 47 41 42 46 48 43 43 47 47 40 41 48 48 50 50 43 46 40 40 50 53 48 48 46 47 49 50 41 41 48 48 43 44 41 41 48 48 44 44 42 44 50 52 44 44 46 47 50 51 39 39 43 46 44 45 39 40 39 42 40 40 46 47 48 50 46 46 40 40 51 53 44 44 42 42 49 49 46 46 42 43 42 43 42 45 42 42 44 44 43 46 40 40 48 49 43 44 47 48 47 50 49 53 45 45 41 43 38 38 39 40 46 46 47 48 45 46 47 49 49 51 48 49 45 45 45 47 46 47 44 47 42 43 50 51 41 45 41 42 43 43 45 48 42 42 48 49 44 46 43 43 49 49 44 45 45 46 47 49 46 46 43 47 43 44 47 50 48 50
43 47 43 45 39 40 40 42 41 41 45 48 46 47 45 45 46 49 49 51 40 40 49 50 47 49 50 52 44 45 41 41 39 40 45 45 44 44 48 48 39 42 48 48 51 51 43 44 41 42 49 49 46 47 46 49 49 50 41 43 47 50 43 43 43 45 46 48 41 42 43 43 48 50 41 45 46 48 51 51 41 41 43 45 43 44 40 40 39 42 41 44 48 48 49 49 44 44 40 40 51 53 44 44 42 43 50 52 49 51 42 46 41 41 42 45 42 46 47 48 44 44 41 43 50 51 43 43 48 48 48 49 49 52 46 47 41 44 40 40 41 41 45 46 46 49 45 48 48 48 47 49 50 50 44 45 44 44 47 47 42 44 40 40 49 49 41 41 39 39 42 43 43 43 43 46 47 47 44 44 43 45 50 51 45 46 47 49 45 45 48 49 44 44 43 46 47 49 47 49
43 43 44 45 39 42 41 42 41 41 44 46 45 45 43 43 49 49 48 50 40 44 48 49 48 50 49 49 43 45 41 42 39 40 43 43 43 43 48 50 41 41 50 53 51 53 42 42 41 44 50 51 45 45 45 45 48 48 40 40 47 47 45 47 43 44 47 50 41 44 45 48 49 51 42 42 43 45 51 52 42 45 40 42 43 44 39 40 42 45 42 43 45 46 48 50 44 45 43 43 48 51 44 44 40 40 48 50 46 49 42 42 42 45 40 41 42 43 46 46 43 44 43 43 49 51 41 41 47 48 50 52 51 51 44 44 41 44 40 43 40 40 44 45 47 47 47 48 47 47 48 52 50 52 45 47 45 49 45 47 42 44 39 41 49 50 42 42 39 40 43 43 45 47 42 44 46 50 44 45 41 44 49 53 43 44 44 44 47 49 47 48 42 46 46 47 50 50 46 49
43 44 43 45 40 40 39 41 39 39 45 45 46 49 44 45 47 47 49 50 39 39 51 53 46 47 49 49 45 46 44 45 39 39 46 48 45 48 50 51 39 39 51 53 50 53 42 43 43 44 50 52 46 50 48 49 48 50 39 40 48 50 43 43 43 44 46 46 44 45 42 46 51 54 43 46 44 44 51 53 41 41 41 41 43 43 39 39 42 45 40 41 47 47 50 50 43 46 42 44 48 50 46 47 42 43 50 50 47 49 42 43 42 42 42 44 39 40 45 46 44 46 42 43 49 53 43 45 48 48 48 48 49 49 44 45 41 42 39 39 39 42 45 45 45 47 47 49 48 48 48 51 51 52 42 43 44 45 48 48 44 45 42 43 48 49 39 40 39 42 41 41 45 46 43 43 49 50 44 45 42 42 49 49 43 45 47 48 46 48 46 46 42 43 46 47 50 50 46 46
44 45 43 47 40 41 39 40 41 42 46 47 45 46 43 43 46 47 50 51 39 40 51 52 49 50 48 48 43 44 41 42 41 42 43 46 43 44 48 49 42 43 50 50 50 51 42 44 41 43 50 50 45 45 45 45 48 48 41 42 50 52 43 44 44 44 45 45 42 45 45 45 50 51 43 44 44 45 49 51 39 41 42 44 43 43 40 40 39 40 39 40 45 48 50 52 46 48 40 42 48 48 45 45 40 40 49 50 48 52 43 45 41 42 40 40 42 45 45 45 44 45 42 43 49 50 41 44 47 48 49 51 51 51 45 45 41 43 39 39 39 41 46 47 46 47 45 46 48 49 47 50 49 51 45 48 47 49 47 47 44 44 41 42 47 48 40 41 40 42 43 45 44 44 42 43 48 51 45 46 42 43 50 52 45 46 44 44 46 48 45 45 45 46 43 43 49 49 45 46
44 46 41 45 39 39 40 41 41 41 45 48 43 45 45 47 47 48 51 52 41 42 50 51 49 51 51 51 43 44 43 45 42 42 43 43 46 47 50 51 42 43 50 51 50 50 43 44 43 46 51 53 46 46 46 48 48 50 39 42 49 49 43 44 44 46 46 47 44 46 42 44 51 52 43 43 43 44 49 52 41 41 42 44 43 44 41 41 42 43 40 41 48 50 48 49 44 47 43 44 51 52 46 47 39 39 48 49 47 48 41 41 41 42 40 40 40 41 46 49 43 44 43 44 48 48 42 42 45 45 49 50 49 51 44 45 39 41 38 42 38 41 46 46 48 51 46 46 45 46 48 48 50 50 45 48 47 50 46 49 45 45 40 40 48 50 39 40 41 42 42 43 43 46 43 43 46 46 43 44 42 43 49 50 45 45 46 47 47 50 45 46 42 42 46 46 50 53 46 48
41 42 41 41 41 42 41 41 38 42 44 47 46 47 43 44 48 49 48 49 39 41 50 50 48 49 48 50 45 45 43 43 42 45 45 48 45 46 48 49 42 42 50 50 51 51 41 41 41 44 49 50 46 47 45 48 48 48 40 40 49 49 44 45 43 43 48 50 41 41 44 45 50 51 41 41 43 43 51 54 39 42 41 42 46 47 39 40 42 43 40 43 47 47 50 50 46 46 42 44 48 51 47 49 40 40 48 49 48 50 41 41 42 44 40 40 39 41 44 46 42 44 42 44 50 53 43 43 46 46 47 48 50 52 47 47 40 41 39 39 38 42 46 47 46 48 46 50 46 50 48 49 50 52 44 44 46 48 47 48 45 49 39 40 48 48 42 42 41 41 44 45 44 44 45 45 46 46 45 46 42 43 48 50 46 46 44 47 46 46 46 46 42 43 43 43 48 51 45 48
42 45 41 42 42 43 42 43 41 42 44 46 43 43 43 46 48 51 51 52 40 42 49 49 48 48 49 51 45 45 41 45 39 40 46 47 46 48 50 50 41 43 49 50 49 52 41 41 43 43 50 53 45 45 48 49 51 54 38 38 47 47 42 45 41 42 47 50 43 45 44 46 51 52 44 44 46 47 49 51 40 41 40 40 45 48 38 39 42 43 39 41 48 49 47 47 43 44 42 43 51 54 46 47 39 41 49 49 48 49 41 41 41 41 42 44 39 39 47 50 44 46 41 41 47 49 42 45 45 45 47 48 51 52 46 47 40 42 38 39 40 41 46 49 47 47 46 48 48 51 49 51 50 51 45 46 47 47 48 49 42 42 39 41 48 50 42 43 40 41 44 44 42 43 43 43 49 50 45 46 44 45 49 49 43 45 47 47 45 46 47 48 45 45 45 49 48 48 48 52
41 43 43 44 39 39 42 42 40 40 43 44 46 48 43 44 49 49 51 53 42 43 50 51 49 51 49 49 46 49 41 42 41 42 44 45 45 47 50 52 40 41 50 51 49 50 41 44 42 43 49 49 46 47 48 49 48 52 39 41 49 50 45 46 44 44 48 48 43 43 43 47 51 52 41 43 44 44 50 52 39 39 43 45 46 46 39 41 40 41 39 40 48 48 49 50 43 44 41 43 51 51 45 46 41 41 48 51 46 50 41 41 43 43 41 44 41 42 44 46 42 42 40 43 50 50 44 45 46 47 50 53 48 52 45 46 42 44 39 42 39 39 46 47 48 49 45 46 46 46 48 50 49 50 42 43 47 50 45 45 45 46 42 42 47 49 39 39 41 41 44 45 44 45 45 46 48 48 46 48 41 41 49 50 43 43 47 48 48 51 47 49 45 45 46 47 48 48 45 45
42 44 43 44 42 44 39 41 39 39 46 47 45 49 46 46 49 49 49 51 40 41 48 51 47 49 49 50 44 44 44 45 39 40 45 47 43 43 50 52 42 43 51 53 50 52 43 43 43 47 51 51 45 47 48 49 48 50 40 40 47 47 42 46 44 45 47 48 43 44 45 49 51 52 42 43 44 44 51 52 40 41 43 44 45 48 38 39 40 43 39 39 48 48 50 50 44 44 41 41 48 49 46 47 40 42 48 49 47 48 43 44 41 42 43 44 39 43 46 46 42 43 40 44 47 47 42 43 46 48 48 51 51 53 47 48 41 43 41 42 39 43 45 46 45 46 48 48 45 47 46 47 49 52 43 43 45 45 47 49 43 44 39 41 48 49 40 40 40 43 43 44 43 43 45 47 49 49 43 44 43 43 50 50 45 46 45 47 48 49 48 50 44 45 45 49 48 51 47 47
43 43 42 42 39 39 41 41 41 42 44 45 45 47 46 47 49 49 48 50 39 40 49 53 48 51 49 51 46 46 41 41 40 40 45 46 46 47 48 48 41 41 49 51 49 49 43 43 40 41 48 50 47 48 47 49 51 52 38 40 49 50 42 44 42 42 46 46 44 44 42 43 50 53 43 43 44 45 50 51 39 39 42 44 45 45 41 44 42 42 40 41 48 50 47 49 43 43 43 46 51 53 47 49 41 42 47 49 49 49 43 46 42 43 40 44 40 41 44 44 43 43 41 42 50 50 41 41 45 45 47 49 51 51 46 46 42 42 40 42 40 43 45 45 48 48 46 48 45 45 47 47 51 52 43 47 46 48 48 49 42 43 42 44 49 50 39 40 40 40 42 42 44 47 43 43 48 48 43 43 44 44 48 48 45 46 47 47 48 50 47 48 43 43 45 46 47 48 46 48
41 41 42 43 42 43 42 42 39 39 45 46 43 46 45 45 46 46 50 52 41 42 49 49 48 50 50 52 43 45 41 42 40 43 43 44 44 45 49 49 42 44 48 49 50 51 42 42 43 43 51 52 45 45 48 48 49 51 39 40 48 49 44 46 42 46 45 48 42 43 42 43 51 51 41 42 45 48 51 53 41 41 40 40 45 46 38 38 39 40 39 39 45 49 50 50 43 46 40 40 50 51 47 47 41 41 48 50 48 52 42 44 40 43 43 45 42 43 44 44 44 44 43 43 47 50 41 43 48 49 47 49 49 50 46 46 42 42 39 42 38 41 45 47 48 49 47 48 47 49 49 50 48 48 44 47 44 47 47 50 42 45 42 42 47 48 41 42 40 40 43 45 42 44 42 43 48 48 45 45 42 42 49 50 43 44 46 49 47 48 45 47 42 44 43 45 47 47 47 51
43 45 44 47 42 44 39 41 39 41 46 49 45 45 44 47 47 51 49 52 42 42 49 49 46 46 50 51 44 45 41 42 42 42 44 47 46 46 48 51 40 40 49 49 51 51 43 43 41 41 51 51 48 48 46 46 49 50 39 41 50 54 45 45 43 43 46 48 43 44 43 46 51 54 42 44 46 47 49 52 40 42 40 41 44 45 40 41 41 41 41 41 46 48 49 53 45 46 42 45 51 54 44 45 42 42 48 49 47 48 42 44 41 43 41 41 40 40 46 48 41 41 41 42 49 49 42 42 45 48 50 50 50 52 47 47 41 41 40 41 38 38 44 45 46 46 46 49 46 47 46 48 48 48 43 43 46 48 48 49 45 46 41 42 47 47 41 41 42 43 44 44 44 45 43 45 48 48 44 45 43 43 49 51 45 45 44 47 48 49 47 47 45 45 44 44 48 48 47 47
44 44 43 44 41 41 39 40 38 39 43 44 43 44 43 45 48 50 51 54 42 44 50 51 47 48 49 52 43 47 44 46 41 42 45 45 44 44 49 51 40 43 51 53 51 53 43 43 41 43 51 53 48 49 47 51 49 49 38 41 50 53 45 46 42 42 47 48 41 41 44 45 50 50 44 45 44 45 51 53 40 40 43 43 44 48 41 41 40 41 42 42 48 51 48 51 46 47 41 44 48 48 46 46 39 42 49 49 46 46 42 45 40 44 42 42 40 42 47 47 43 44 43 44 48 49 41 41 45 48 47 51 49 50 45 45 42 43 38 38 40 40 45 47 48 48 48 50 45 47 49 49 48 48 43 43 46 46 48 49 43 45 40 42 47 49 40 43 42 44 42 44 44 44 43 44 46 48 44 48 44 46 51 54 43 44 44 47 46 46 47 50 42 42 44 46 50 53 46 46
43 46 43 44 39 41 41 42 38 39 44 45 45 48 44 44 46 50 49 49 42 44 50 51 48 48 49 50 46 46 42 42 40 41 44 44 46 47 50 52 41 44 50 52 50 52 42 44 40 40 50 53 46 47 45 46 49 50 38 41 48 49 45 47 42 42 47 47 44 44 42 42 50 50 42 42 43 46 49 51 39 41 40 40 43 46 40 42 42 44 41 43 46 46 49 51 46 47 42 46 48 48 47 51 39 39 47 50 47 49 43 46 43 44 43 45 41 43 45 46 42 42 42 43 47 49 43 47 48 51 47 51 50 54 47 49 40 40 38 41 41 42 47 47 47 49 45 45 46 48 49 50 50 51 42 43 46 47 48 49 42 44 39 40 49 49 40 42 41 41 43 47 44 46 44 47 47 47 45 46 43 46 50 51 46 46 46 48 46 47 47 47 42 44 45 45 47 47 48 49
43 44 43 43 41 42 41 42 38 38 43 44 45 45 46 50 47 47 49 51 41 41 48 48 49 50 51 51 45 46 42 42 41 43 45 47 45 45 48 49 40 44 50 52 51 52 40 41 40 41 50 53 45 49 47 47 48 49 39 40 47 50 42 44 41 43 47 48 43 46 42 46 49 51 44 45 43 44 49 49 39 40 42 43 46 46 39 42 40 40 39 40 45 45 49 51 43 44 40 41 48 48 44 48 41 41 48 51 49 51 44 46 41 43 41 42 41 44 45 46 43 43 41 41 49 50 42 42 48 50 48 49 48 51 44 45 41 44 41 44 39 39 46 47 48 50 48 49 46 47 46 48 50 51 44 44 45 47 45 47 45 45 42 44 49 50 41 45 40 40 43 43 42 44 43 47 47 47 44 48 44 45 50 50 46 48 47 48 46 47 46 47 44 45 43 44 47 48 48 50
43 44 41 42 42 43 40 42 41 41 46 47 45 47 43 43 49 50 50 50 39 40 49 51 49 49 50 50 46 48 43 45 42 44 43 47 43 46 49 50 39 42 49 50 50 50 41 43 40 44 48 48 48 51 47 48 51 55 39 41 50 50 44 45 43 44 45 45 44 44 43 43 49 50 41 41 44 44 51 52 41 42 41 42 44 45 41 41 40 41 41 44 46 46 47 51 44 44 40 41 51 51 47 47 39 39 47 51 46 46 42 43 42 44 43 43 39 40 47 47 43 44 43 45 47 48 41 43 45 46 50 52 50 51 44 45 39 41 39 39 41 41 44 45 48 50 45 45 46 47 49 50 49 52 43 43 47 47 48 48 45 46 39 41 48 49 39 40 41 44 42 42 45 47 44 46 48 52 44 45 43 44 50 50 46 47 47 50 47 48 46 46 43 45 45 49 48 50 48 49
41 41 44 47 41 42 42 44 41 43 46 46 44 46 46 47 48 49 49 52 41 45 49 51 49 49 50 52 45 45 41 42 41 42 45 46 44 44 49 50 40 42 49 53 50 51 41 42 41 41 48 48 47 48 48 50 48 49 39 40 47 48 43 45 43 43 46 49 41 42 43 44 48 52 42 42 43 43 49 49 42 43 41 43 44 44 39 42 39 39 42 42 47 50 47 48 43 43 41 42 50 51 47 49 41 42 49 50 46 47 42 42 40 41 43 46 40 40 47 49 44 44 40 42 47 47 43 44 46 46 49 50 48 49 45 45 41 41 40 41 41 41 47 47 45 47 45 45 45 46 47 49 48 48 43 44 46 46 46 47 43 45 39 40 50 54 40 40 40 43 44 44 42 45 42 43 46 46 46 48 44 45 50 53 45 46 47 48 47 49 47 48 43 44 45 46 50 50 48 48
44 46 42 44 41 42 39 42 39 41 45 45 46 47 46 46 48 52 50 53 42 42 51 52 47 47 51 55 43 46 44 45 42 43 44 44 46 46 50 50 40 41 49 50 49 52 40 43 41 41 50 51 48 51 46 47 49 49 38 39 49 50 45 45 42 43 48 48 44 45 43 46 49 50 43 45 45 47 50 52 39 40 42 44 46 47 39 41 39 41 40 42 47 48 49 50 43 43 42 42 51 53 45 47 41 45 47 49 46 46 41 41 43 44 43 46 41 42 44 46 41 42 41 41 49 49 41 44 45 45 50 50 48 49 44 45 41 43 39 41 38 39 45 49 47 49 47 48 46 47 48 48 51 51 42 43 46 47 47 48 42 42 42 43 47 48 40 42 42 42 44 46 43 45 42 43 46 46 45 45 44 45 51 53 46 50 44 45 48 48 46 47 44 45 44 47 48 52 46 47
41 41 44 44 42 45 39 41 39 39 45 45 43 45 44 44 46 47 50 53 39 39 51 52 47 48 50 50 46 48 43 46 42 42 46 47 45 45 50 51 42 42 48 49 49 49 41 42 40 41 48 49 45 45 46 47 48 48 41 43 50 53 44 47 41 42 47 51 41 41 45 46 51 52 42 42 46 46 49 52 40 43 42 43 45 45 40 40 39 43 42 42 45 45 47 48 43 43 42 42 48 49 44 46 39 42 49 49 47 47 42 42 41 41 43 45 39 40 47 50 44 46 43 45 50 52 41 42 45 47 48 51 49 51 46 50 39 41 40 41 41 44 44 44 45 45 48 48 48 48 47 49 50 50 43 46 46 46 45 47 42 45 42 43 47 48 42 44 39 40 42 43 42 43 42 42 49 50 45 45 43 43 50 51 46 49 46 46 45 48 48 52 44 48 46 48 49 49 47 47
44 45 41 42 41 42 42 45 38 38 46 46 45 47 44 46 47 47 51 53 42 42 49 50 47 47 50 52 43 44 42 42 39 39 43 44 43 43 47 50 42 46 50 54 49 49 41 43 43 45 51 51 48 48 45 46 49 49 39 41 50 54 43 43 43 43 45 45 43 44 44 46 48 49 44 46 45 45 51 53 39 40 40 40 44 45 41 41 39 40 40 40 48 48 47 48 44 45 42 43 48 48 44 45 40 40 48 50 47 51 43 45 41 45 42 43 40 43 45 46 44 46 42 45 48 48 44 46 46 47 50 52 50 52 47 50 40 42 38 41 39 41 44 47 46 49 48 51 45 47 46 47 48 50 45 45 45 45 46 47 42 42 41 42 50 51 40 42 41 42 43 44 43 47 42 42 49 49 44 48 44 46 50 53 44 45 45 47 45 47 46 46 43 43 43 44 47 47 47 48
44 44 43 44 40 41 42 42 40 40 44 46 44 45 44 44 46 47 49 50 42 43 48 48 48 48 48 48 45 49 44 45 41 44 46 48 44 47 47 48 39 41 50 52 51 53 42 44 42 43 49 50 48 48 48 48 50 50 41 42 49 50 42 42 42 44 48 49 41 43 44 44 48 48 42 43 46 49 48 48 39 39 42 42 45 47 41 45 42 44 41 42 45 46 49 50 45 47 43 44 48 51 45 47 39 39 47 48 47 47 42 42 41 43 43 44 41 42 46 49 42 42 43 46 49 49 43 46 46 49 49 50 49 53 47 51 41 43 39 40 40 40 44 48 45 47 45 46 48 50 46 47 50 53 44 45 47 48 47 47 45 45 42 43 48 49 41 43 42 43 43 44 44 44 43 45 49 49 46 50 41 43 49 49 46 46 44 45 48 48 46 47 42 43 45 46 49 50 47 47
44 44 44 44 42 43 41 45 38 39 43 47 44 46 45 45 47 48 51 51 41 41 51 55 47 48 51 51 44 44 44 47 41 42 43 47 44 44 49 51 39 41 49 50 50 50 43 44 42 43 48 50 46 49 48 50 51 52 40 40 47 47 43 43 43 43 48 50 44 47 44 45 48 50 41 45 45 46 49 52 40 42 40 40 46 46 40 43 40 42 42 43 45 46 50 50 44 46 41 41 48 50 46 46 39 43 48 49 47 50 43 45 42 43 41 42 42 42 44 45 41 42 40 40 50 50 41 41 45 46 47 47 50 51 45 45 40 42 41 41 41 42 47 47 48 48 46 47 48 51 48 50 49 49 43 44 47 49 46 47 45 47 40 40 47 48 41 42 41 44 41 42 45 49 43 44 46 48 44 46 44 46 48 51 44 44 45 46 47 50 45 46 45 47 44 46 47 50 45 46
44 44 44 48 39 42 40 42 40 42 46 47 45 46 44 44 46 46 49 49 42 42 49 50 49 51 49 49 45 45 42 43 39 41 44 47 45 45 50 54 39 41 49 50 51 54 40 40 42 44 49 49 48 48 45 45 48 49 39 39 48 51 43 43 41 42 46 47 43 43 45 45 48 51 44 48 44 48 49 50 39 42 43 44 43 47 38 40 39 39 40 40 45 45 50 50 43 44 40 42 49 50 44 46 40 43 49 51 48 49 41 42 40 41 40 40 42 43 44 46 41 43 41 43 49 52 43 43 46 46 49 50 50 51 44 44 42 43 39 39 41 41 44 44 48 49 46 47 48 51 49 52 49 50 43 43 47 47 46 46 43 46 42 43 49 49 39 40 41 41 41 41 42 44 45 46 48 51 45 45 44 46 51 52 45 47 45 45 46 46 45 46 43 44 44 44 49 50 45 46
43 43 41 41 41 42 41 41 40 41 46 47 45 45 45 45 46 48 49 51 39 43 49 52 48 48 50 52 44 45 41 43 41 44 43 46 44 45 50 52 39 39 51 53 49 49 40 41 42 42 49 50 45 46 45 46 51 51 39 42 47 49 42 44 41 42 48 49 43 43 43 43 50 50 41 41 45 45 49 49 39 41 42 44 43 45 40 42 40 41 39 39 46 47 50 50 45 47 43 45 51 54 45 46 39 42 47 47 49 50 42 42 42 44 40 41 40 43 45 45 42 43 42 44 48 50 41 43 46 47 48 48 48 49 44 44 40 40 41 44 38 38 47 49 47 47 47 48 47 51 49 52 48 49 44 44 45 46 48 49 42 45 40 40 49 50 41 44 42 42 43 43 42 42 44 44 48 49 45 45 42 42 51 52 43 47 47 48 46 47 45 45 42 43 44 44 47 47 45 47
41 41 44 44 41 41 41 43 38 40 44 47 46 48 44 45 47 48 50 51 40 41 50 51 46 46 48 50 44 48 44 46 40 40 46 46 43 43 48 52 42 42 50 50 50 50 42 45 43 43 50 51 46 48 45 47 50 54 41 41 48 51 45 46 43 46 45 46 43 44 44 44 51 51 44 46 44 44 50 52 42 44 43 44 45 46 38 41 39 43 42 42 45 46 47 49 43 43 42 43 50 51 45 48 40 40 50 51 46 46 43 44 41 41 41 42 40 40 44 44 44 45 41 44 49 50 41 41 47 51 50 52 51 52 44 47 41 43 39 39 40 44 44 44 46 50 46 46 47 48 49 50 50 51 43 44 44 47 45 47 44 47 39 42 47 47 39 42 41 43 41 43 44 45 44 44 46 46 43 43 41 42 51 51 43 43 47 47 45 45 48 49 44 44 45 46 50 50 46 48
42 42 42 44 40 40 41 43 39 40 45 46 44 44 45 47 48 48 49 51 42 42 48 48 48 48 49 49 46 48 44 47 41 44 45 45 46 46 49 51 41 41 49 51 48 48 41 41 43 43 49 51 47 47 45 45 49 50 38 40 48 48 44 45 41 42 47 49 41 41 45 46 50 52 41 45 46 47 50 51 40 41 41 41 46 46 40 41 40 41 39 40 48 48 49 49 46 50 43 44 50 50 46 46 41 44 50 50 47 48 43 44 41 44 41 41 40 40 44 45 43 44 43 44 48 48 42 45 45 46 47 47 51 54 44 47 41 43 38 39 38 39 47 49 45 45 45 48 48 48 49 50 51 52 44 44 44 47 48 48 43 44 42 42 49 53 39 41 40 42 42 42 43 44 42 45 49 50 46 50 41 43 49 49 43 44 44 44 47 49 47 47 42 46 45 46 49 51 47 47
43 43 44 45 42 44 40 40 38 41 45 45 43 47 44 44 48 50 50 51 42 46 50 51 48 51 49 49 43 44 43 46 41 45 46 46 46 47 49 53 41 44 50 52 51 52 42 42 40 41 48 49 48 50 46 49 49 50 39 39 48 50 44 47 44 47 48 51 43 46 42 43 49 50 41 41 45 46 48 49 42 43 41 42 43 45 38 38 40 41 39 39 48 50 49 50 46 48 41 41 50 51 47 48 39 39 48 50 48 50 43 45 42 44 42 42 42 42 45 47 44 48 40 40 49 50 41 43 48 49 47 48 48 49 47 47 42 42 39 39 38 38 44 44 45 45 45 46 45 47 47 48 51 53 44 44 45 46 46 47 44 45 39 42 49 50 39 41 40 41 43 43 43 43 42 43 47 50 45 49 44 45 49 49 46 46 46 46 47 47 47 49 43 45 46 46 49 51 46 47
43 45 43 44 39 40 41 45 38 38 46 46 43 44 46 46 48 52 50 50 39 39 51 53 46 46 50 51 43 46 42 45 41 42 46 48 43 43 47 47 40 40 49 49 50 53 41 45 43 44 48 48 45 46 48 48 48 50 38 40 49 50 42 43 42 43 48 51 42 43 42 42 51 54 42 44 44 45 49 49 42 42 42 42 46 46 39 40 39 41 41 44 45 48 47 47 46 46 42 44 51 52 45 45 42 45 47 48 49 50 44 45 43 44 41 42 42 43 46 46 44 45 41 42 48 48 43 45 46 46 49 51 48 49 47 48 40 41 40 40 39 39 46 48 48 48 45 46 48 48 48 49 50 50 43 45 45 47 46 48 42 43 40 40 50 52 39 41 42 43 41 42 44 45 43 44 46 50 43 46 44 45 48 49 44 45 44 45 46 46 46 49 42 45 44 45 47 47 45 45
41 42 43 44 39 39 39 39 40 41 45 45 44 44 46 46 46 47 49 51 41 42 51 53 46 48 50 52 44 45 42 43 41 41 43 44 43 47 49 50 39 40 51 53 50 53 41 44 41 44 51 53 47 47 47 49 51 51 41 41 50 53 42 44 44 47 46 46 41 41 42 44 51 54 44 44 44 46 50 51 41 41 42 43 46 47 40 40 40 44 40 41 45 45 48 51 45 45 43 43 50 50 45 46 41 45 49 53 48 48 43 45 43 43 42 43 39 39 45 46 41 43 42 43 47 47 44 44 46 50 48 50 48 51 44 47 40 41 41 42 38 38 46 47 47 47 47 48 46 47 48 51 51 55 42 43 45 45 46 50 42 44 41 42 50 50 40 41 41 43 41 44 45 45 44 44 46 46 44 45 44 44 51 51 43 43 44 46 46 47 45 46 42 43 46 48 48 52 47 48
43 45 41 42 41 42 39 43 40 40 43 46 43 46 46 46 46 49 51 55 40 44 50 53 49 49 50 54 46 49 43 44 40 40 46 46 44 45 50 54 40 40 48 49 50 51 41 45 40 43 49 49 46 46 46 46 49 50 41 45 48 48 42 42 44 44 48 49 43 46 44 45 50 50 44 44 43 45 48 50 41 41 43 46 46 48 38 41 40 42 40 40 45 46 50 52 44 47 43 43 50 50 45 48 41 44 48 49 46 47 42 42 43 43 41 42 41 42 46 50 41 41 43 44 50 50 42 46 46 49 50 51 50 53 44 45 40 41 38 40 41 41 46 48 48 49 46 46 48 48 47 47 48 50 43 43 44 44 46 48 44 44 40 44 47 47 42 43 39 40 44 48 43 45 45 46 48 48 45 47 44 45 51 54 44 47 45 49 48 48 46 47 42 43 45 48 49 49 47 47
41 42 44 47 41 43 42 43 41 45 46 47 46 46 44 46 46 49 50 51 40 41 48 49 49 49 51 51 43 43 43 44 39 40 43 43 44 45 49 49 39 40 49 51 49 50 42 44 43 46 51 52 48 49 48 49 51 54 41 43 49 50 42 45 43 43 45 47 42 43 43 44 48 51 42 43 46 46 48 50 42 45 41 43 43 45 40 43 42 42 42 42 46 47 48 50 46 50 40 41 48 48 45 46 40 41 47 47 48 52 43 43 40 44 42 42 42 43 44 44 41 42 40 40 50 52 44 45 46 47 47 49 49 49 44 44 39 40 40 42 39 41 46 47 48 51 47 50 45 46 48 48 49 50 42 43 46 47 45 45 42 46 42 44 50 51 42 44 42 43 41 41 42 44 44 45 48 51 43 43 44 45 50 51 46 46 47 48 46 46 48 49 42 44 43 44 50 53 45 48
43 44 44 46 39 41 41 42 40 42 44 44 44 44 43 43 47 51 48 48 42 42 51 53 47 48 51 54 46 46 44 44 39 39 45 47 43 45 50 52 40 41 51 51 48 49 43 44 42 43 49 49 48 49 47 47 49 49 39 41 48 49 45 45 41 42 45 47 42 46 44 45 49 49 42 43 45 46 48 48 39 42 43 46 45 45 39 40 42 43 41 42 45 45 47 47 46 48 43 43 51 51 44 44 40 40 49 50 47 48 41 45 41 43 42 44 39 39 47 48 44 45 43 45 47 47 44 44 45 45 50 51 51 52 44 44 40 40 39 40 39 40 47 47 48 49 46 46 46 46 49 50 50 52 42 42 44 45 45 46 45 47 39 40 49 51 40 43 41 43 43 45 42 46 45 46 47 48 44 44 41 42 51 52 46 47 44 46 46 47 46 46 44 45 43 43 48 48 47 47
41 42 44 45 42 45 39 40 41 41 44 44 44 47 43 43 49 51 51 53 42 42 48 49 47 48 49 49 44 46 43 43 41 44 43 43 46 49 49 49 39 39 48 51 48 49 42 43 43 44 49 50 46 47 45 48 50 50 40 40 48 48 45 47 41 43 47 48 44 44 43 43 50 51 44 45 46 46 49 49 42 43 40 40 43 44 40 40 40 40 41 43 48 50 50 51 43 45 43 44 48 50 44 46 41 41 50 50 46 47 41 43 41 41 41 41 41 45 44 44 41 42 43 45 50 51 43 44 45 46 50 52 49 50 47 47 40 42 38 38 39 41 44 45 47 48 47 47 45 45 48 48 50 51 45 45 46 46 46 48 44 46 39 39 49 49 41 42 40 41 42 44 45 47 42 45 49 50 44 44 42 43 51 53 45 47 47 48 45 45 46 46 42 42 44 44 50 50 48 48
41 42 44 46 39 41 39 41 39 40 46 47 45 46 45 46 46 48 51 51 39 40 50 52 49 52 48 52 45 47 43 45 42 44 46 46 45 49 47 48 39 40 48 50 49 52 40 41 40 41 51 51 46 46 48 48 48 50 40 42 47 49 45 47 44 48 46 46 44 48 44 45 48 51 43 44 45 45 50 50 40 40 43 45 43 43 39 40 40 40 41 41 45 45 47 48 45 47 42 42 48 50 47 50 40 41 50 53 47 47 44 44 40 41 41 41 40 41 46 46 44 47 43 44 49 52 42 42 45 46 47 47 51 54 47 50 42 43 38 39 41 42 46 48 48 48 45 45 46 47 48 49 48 49 44 45 45 46 47 47 45 46 41 43 47 48 41 41 42 43 43 45 44 48 43 46 47 49 45 45 44 45 50 54 43 46 47 48 45 45 45 47 44 45 46 48 47 48 47 47
43 44 42 42 42 44 40 42 41 42 43 43 44 46 45 47 48 50 51 51 41 43 48 52 49 49 50 51 46 48 41 41 41 42 43 44 46 47 49 50 42 42 50 50 48 50 43 46 42 43 51 51 48 49 47 49 51 52 41 43 50 51 42 44 41 44 47 48 43 43 45 45 49 49 41 41 45 45 49 49 41 43 40 40 46 49 40 42 39 41 41 42 45 46 49 50 46 47 41 41 48 48 46 50 42 42 47 49 46 47 43 46 41 42 41 42 40 41 47 50 44 46 42 45 50 54 44 45 45 46 47 51 50 53 44 44 39 42 38 40 41 44 45 45 46 48 47 50 46 49 47 47 49 49 42 45 45 46 48 49 44 46 40 41 50 50 42 43 39 40 43 45 45 46 45 49 48 48 43 44 44 47 51 51 43 46 45 46 48 48 47 50 42 42 46 46 49 49 45 48
43 46 42 43 39 40 42 42 41 43 46 47 45 46 46 46 48 48 49 49 39 40 48 52 48 48 48 50 43 44 42 43 39 42 43 44 46 46 49 49 42 43 49 52 49 50 42 44 40 41 51 52 46 46 45 45 50 50 41 42 47 48 45 47 42 44 47 47 42 43 44 46 50 53 41 42 44 48 48 48 40 40 42 45 44 47 41 43 39 41 41 41 46 46 47 47 46 48 41 41 48 48 44 44 41 43 48 50 46 48 42 43 42 45 42 43 39 39 46 46 44 44 40 41 47 47 44 46 48 48 50 51 50 51 44 44 40 41 39 40 40 40 44 47 45 47 47 47 47 48 49 51 49 49 42 43 45 45 48 51 42 44 40 42 47 49 40 41 41 42 42 45 45 46 44 46 47 47 43 44 42 42 50 54 46 46 46 47 46 46 47 50 45 46 43 43 47 48 47 47
41 42 44 48 42 43 39 41 40 41 45 47 44 44 45 45 48 49 49 49 42 44 50 52 49 50 51 54 46 47 43 45 40 42 45 46 46 47 49 50 42 44 48 52 50 50 41 41 41 41 51 51 48 51 45 46 50 50 41 41 50 50 44 46 43 45 45 46 42 43 45 49 50 52 42 42 44 44 48 50 39 39 40 40 45 47 38 38 41 42 42 43 47 50 49 50 44 45 40 43 50 52 45 48 40 40 50 51 46 46 44 44 41 41 42 45 40 41 44 45 43 43 41 42 48 48 41 43 45 45 48 49 50 50 47 48 39 39 38 38 41 45 47 48 48 48 46 47 48 48 48 50 50 51 45 46 44 45 45 47 45 45 41 41 48 48 39 40 40 42 43 43 42 42 43 44 47 49 44 46 41 44 48 48 44 45 45 46 48 50 47 47 42 42 43 46 49 52 48 51
41 42 44 44 42 42 42 42 41 42 46 46 46 46 43 44 48 51 49 50 42 42 48 49 46 46 50 54 46 48 41 42 42 45 44 45 44 44 48 52 39 40 49 50 48 49 40 41 43 43 48 48 46 48 48 49 51 52 40 40 47 48 43 46 43 43 46 47 41 43 44 45 51 53 42 42 46 50 48 49 40 41 42 44 46 50 38 39 40 44 40 40 46 47 47 47 43 47 43 45 48 52 46 47 39 39 47 51 48 48 42 42 43 46 41 43 41 43 44 44 44 45 42 42 50 53 41 42 46 47 47 47 50 51 46 49 42 44 41 44 39 39 47 49 45 47 47 50 45 46 46 47 51 54 45 49 47 47 46 48 45 46 41 41 50 54 42 42 39 41 44 44 44 45 42 43 49 49 43 45 41 43 51 52 45 46 44 45 47 51 46 47 44 44 44 44 50 51 45 48
44 44 43 43 40 41 41 41 40 42 45 45 43 44 44 45 46 48 49 49 39 41 50 51 46 50 49 49 44 45 44 46 41 41 44 48 43 45 50 52 42 45 48 48 51 51 42 43 43 44 49 49 45 45 46 46 50 51 38 39 49 51 43 46 41 41 46 47 42 43 44 45 49 49 44 47 44 46 49 49 39 40 43 46 46 50 39 39 41 42 41 43 45 45 50 51 43 45 43 43 50 52 44 45 40 42 47 50 46 48 41 41 40 40 42 44 39 39 45 48 42 43 40 42 48 48 42 45 46 48 48 50 49 52 44 46 40 41 39 41 39 41 47 48 48 48 48 49 46 48 49 51 50 51 42 42 46 46 46 48 44 44 42 42 47 47 41 42 41 43 41 43 43 46 45 48 49 50 43 43 44 44 49 49 44 47 44 45 47 47 48 48 44 45 43 47 48 48 45 46
41 42 44 46 39 39 41 42 39 39 45 45 44 46 44 45 47 49 50 50 41 41 48 51 47 48 51 55 43 44 44 44 42 43 44 45 45 46 49 49 41 41 50 50 50 51 41 42 43 44 49 49 47 48 48 49 48 51 41 44 48 49 43 43 43 45 48 50 44 47 42 43 51 51 42 42 45 45 51 53 41 42 43 45 44 44 40 40 39 39 41 45 46 46 48 50 45 45 42 42 51 52 46 47 42 43 49 51 46 47 43 44 40 41 40 42 42 43 47 49 41 42 42 44 49 52 41 42 45 46 49 50 50 50 44 44 39 40 41 44 39 40 46 47 45 47 46 50 46 46 46 46 50 52 42 42 45 45 48 48 44 48 40 41 47 50 39 39 42 43 42 42 43 45 45 46 48 48 46 49 42 45 48 48 44 45 47 49 46 47 48 48 43 44 46 47 48 51 48 50
43 44 41 42 41 41 41 42 38 39 44 46 46 46 44 47 48 48 49 51 39 40 51 52 46 47 50 51 45 46 42 43 39 41 45 47 46 46 50 50 40 41 50 51 50 52 41 44 40 40 49 49 45 48 48 50 49 49 38 39 50 50 43 44 44 47 48 48 41 42 45 45 49 49 43 43 44 45 50 53 42 42 40 42 43 45 39 39 39 40 39 41 47 48 50 53 45 49 43 44 48 48 44 46 39 43 47 48 49 50 42 42 42 45 41 44 42 44 46 47 44 44 43 45 50 53 43 43 46 46 48 49 49 52 47 51 39 40 41 42 39 40 47 49 48 48 47 48 47 49 49 49 48 48 44 44 46 48 47 48 43 45 39 40 50 52 42 42 40 40 42 42 45 48 43 43 48 49 45 45 43 45 51 51 43 43 46 46 46 46 45 46 42 43 43 46 47 47 46 48
43 44 41 41 40 41 39 39 39 41 44 47 43 47 44 44 46 48 49 49 39 40 51 51 47 50 51 54 44 46 43 45 42 43 45 46 44 46 48 50 39 43 49 50 51 55 40 41 40 40 49 50 46 47 47 47 51 54 40 40 49 51 44 47 41 41 47 51 43 44 44 46 51 53 43 44 44 45 49 50 42 43 42 43 44 46 40 44 39 39 40 40 48 48 49 50 46 48 43 45 48 51 45 46 41 45 47 49 48 50 42 42 43 44 40 40 41 45 46 46 44 44 42 43 48 49 42 44 48 49 47 49 50 50 47 48 39 42 41 42 41 45 44 46 47 48 47 50 45 46 48 49 50 50 42 42 47 48 48 48 42 42 39 41 47 48 39 40 40 42 42 44 42 46 44 46 47 50 46 46 44 46 51 52 45 46 44 44 47 51 46 48 42 43 44 45 49 51 45 46
43 44 43 44 42 45 40 41 40 43 45 46 44 47 46 50 48 50 50 52 42 44 50 52 48 50 51 52 44 44 42 45 39 39 43 43 45 47 48 51 42 42 51 52 50 51 43 44 42 45 50 54 47 50 45 49 48 49 38 38 49 50 42 44 42 44 45 49 44 44 45 47 50 53 41 44 44 46 48 51 42 46 43 43 46 48 38 39 40 41 41 41 46 47 50 53 43 47 43 43 48 48 47 50 40 41 49 50 47 49 41 44 41 42 40 42 42 42 47 48 41 41 40 41 47 47 43 44 46 47 48 49 48 50 45 46 40 40 40 43 38 39 46 50 45 46 45 49 47 49 47 48 49 49 44 44 44 45 45 47 42 42 39 42 48 48 39 40 41 41 43 43 44 44 44 45 46 47 46 49 43 44 51 54 44 45 45 46 47 50 47 50 44 45 43 43 47 50 47 47
41 41 44 44 39 39 39 41 39 41 46 48 44 46 46 46 46 48 50 50 41 44 50 52 49 49 48 49 43 43 42 45 41 43 43 43 44 45 50 50 42 42 51 52 51 52 43 43 41 42 51 52 48 48 46 46 48 48 39 41 47 49 45 49 44 45 47 47 44 44 43 43 51 53 43 44 45 46 51 53 39 40 41 42 43 43 38 41 42 43 42 44 47 47 50 50 46 48 42 43 51 53 44 45 39 40 50 52 48 51 41 42 41 44 40 40 41 41 46 47 44 47 42 44 50 51 41 42 45 46 50 51 51 52 47 49 39 39 38 41 39 41 45 47 47 47 48 50 48 49 46 47 49 51 45 45 44 45 48 52 45 46 41 44 48 49 41 45 41 41 43 45 44 44 42 43 46 47 46 46 42 42 49 49 46 47 45 46 46 50 48 48 43 46 46 50 49 49 48 49
41 43 41 43 40 41 41 44 39 40 46 47 44 46 46 50 48 49 50 51 40 40 50 51 48 51 49 49 44 44 43 43 41 41 43 45 44 44 49 49 42 45 48 49 49 51 43 47 41 42 48 48 45 45 46 49 49 49 40 41 49 50 45 45 43 44 48 48 44 46 42 45 50 51 44 46 44 47 51 54 42 46 41 41 46 46 41 41 41 41 40 41 46 46 48 48 44 45 42 44 50 50 45 46 40 40 47 47 49 51 44 45 40 40 41 42 42 43 45 49 42 43 40 41 47 47 43 43 48 49 50 50 48 49 44 44 39 39 40 41 39 39 46 47 48 49 47 51 46 47 48 49 48 49 43 46 44 45 47 50 42 43 40 44 50 50 42 44 41 42 44 45 42 43 42 43 46 46 45 45 42 42 48 49 46 46 47 49 46 46 48 50 42 44 44 45 50 52 45 46
