10 100
43 44 42 43 46 47 44 44 42 43 45 46 43 46 45 46 51 51 44 46 47 49 44 44 41 42 46 48 47 51 49 50 46 49 41 41 48 49 50 51 49 49 46 47 45 49 40 41 48 50 44 45 47 48 47 48 48 50 48 49 41 42 41 41 45 47 43 43 43 43 47 48 51 53 50 51 48 49 42 44 50 50 47 48 45 46 49 51 42 44 41 41 43 43 41 41 48 50 51 53 48 48 45 47 43 44 46 47 41 42 38 40 42 42 42 43 45 46 46 47 47 49 46 47 39 40 40 41 47 49 42 43 47 48 45 47 41 41 47 51 41 42 45 46 48 50 43 47 47 50 42 42 44 45 42 43 45 46 46 49 41 42 43 45 41 42 40 42 38 39 49 50 48 48 45 45 42 42 42 42 40 40 45 49 49 49 45 45 44 45 49 49 39 39 45 45 42 42 46 46
44 44 45 45 44 44 45 47 44 44 47 48 45 48 43 44 51 54 45 45 47 50 42 42 39 40 47 48 47 49 49 51 47 48 41 41 47 49 50 53 48 48 46 48 46 47 40 43 48 49 44 45 46 46 48 49 49 49 50 54 41 43 39 42 45 45 44 45 42 43 44 44 49 50 48 49 47 49 45 49 48 48 46 46 45 47 46 46 42 43 41 41 42 45 42 46 49 50 49 52 48 48 43 43 44 45 47 48 44 44 40 44 40 44 41 44 42 44 45 47 47 48 48 51 39 39 42 44 47 50 40 41 50 53 45 46 42 45 46 47 42 43 45 47 48 48 40 44 47 48 41 41 41 41 40 41 45 45 44 48 42 44 42 45 43 44 40 41 39 40 50 53 46 47 45 47 44 44 41 42 42 44 44 47 51 53 47 48 44 48 48 50 38 41 45 48 39 39 46 46
42 44 45 46 47 50 45 45 43 43 45 46 43 43 43 44 49 51 42 42 46 46 45 45 41 42 49 49 46 49 49 51 48 50 41 44 49 51 50 50 49 51 48 49 46 47 41 43 51 53 44 46 47 51 49 51 47 48 47 48 41 41 40 41 48 49 43 43 44 45 46 47 51 52 50 54 45 47 45 45 48 49 46 46 44 47 48 48 45 48 40 40 40 40 43 45 50 51 48 48 48 49 46 47 43 44 49 51 44 48 41 41 39 40 41 42 43 43 47 47 47 47 49 50 41 42 39 42 46 47 41 41 48 48 45 48 43 43 48 51 43 44 46 47 47 47 43 44 46 46 40 40 42 42 40 40 42 42 47 47 40 44 43 43 44 44 39 43 38 39 50 51 46 47 46 50 42 44 42 45 42 43 43 44 49 49 46 46 44 47 49 53 41 41 44 44 42 43 45 48
42 42 45 45 46 47 45 46 44 47 46 47 44 46 43 46 49 50 42 43 46 47 43 44 39 42 47 47 45 47 50 54 46 47 39 39 47 49 49 50 48 50 48 49 45 48 39 41 51 52 45 48 44 48 48 48 47 49 48 48 40 40 40 41 45 46 42 42 42 45 47 47 51 55 48 48 47 51 45 45 50 51 48 49 43 43 49 51 43 43 40 40 42 44 42 43 47 48 50 51 49 49 46 46 43 46 46 47 42 43 38 38 41 41 43 45 45 47 47 47 46 47 46 47 42 42 40 41 47 47 39 41 50 50 43 44 41 41 46 46 42 43 44 45 47 49 40 41 46 46 42 42 43 46 42 44 45 45 47 47 39 39 44 44 43 45 41 42 39 39 50 52 47 47 47 50 41 43 40 40 41 42 44 45 48 48 47 48 44 44 50 50 38 39 45 49 40 41 43 43
43 43 43 46 45 48 45 46 45 45 46 48 43 44 42 43 51 51 42 42 48 48 44 45 42 43 49 52 47 48 49 52 46 47 42 45 48 50 49 49 48 49 47 48 43 45 38 38 48 52 45 46 47 48 48 48 49 52 49 49 39 41 38 41 47 50 42 44 41 42 45 45 48 49 48 49 47 48 45 45 51 51 48 48 43 43 49 51 45 46 43 45 42 42 41 45 47 47 49 50 49 53 46 47 44 48 46 46 44 45 41 43 40 43 42 42 43 45 45 47 45 45 48 49 42 43 39 41 45 47 41 43 50 53 44 47 42 44 49 51 42 44 45 45 49 49 41 43 47 48 43 44 42 44 43 43 43 43 45 48 42 43 43 43 44 45 42 44 41 41 48 48 46 46 45 45 42 44 43 45 40 41 44 46 51 55 45 45 45 45 50 51 40 41 44 44 41 45 45 46
45 49 45 46 45 46 47 49 43 43 46 49 46 46 45 46 48 49 42 42 47 47 45 47 42 43 46 46 46 47 48 51 47 50 39 40 48 49 48 48 48 48 48 49 44 45 40 40 48 49 43 44 44 44 48 49 50 50 48 49 40 41 40 41 45 45 43 43 43 44 44 45 49 51 48 49 48 49 45 45 48 48 47 48 44 46 48 48 45 46 42 43 40 41 42 46 47 47 49 52 49 50 44 45 45 46 48 48 41 44 41 42 41 44 43 44 45 48 46 47 44 44 49 51 40 40 42 46 47 50 40 42 50 50 43 45 40 42 47 47 41 43 47 48 48 50 40 41 45 48 40 41 41 43 42 46 44 45 44 45 40 41 44 46 41 42 39 40 38 41 48 50 45 46 46 49 42 44 41 44 41 42 46 47 51 51 45 45 43 44 48 51 38 42 44 44 39 40 43 43
45 46 43 44 46 48 46 46 43 44 47 49 43 43 42 45 48 49 42 46 48 51 43 44 39 41 48 48 47 48 48 48 47 47 42 43 49 50 50 51 49 52 46 48 46 47 40 41 48 48 44 45 45 46 46 46 48 51 50 50 41 41 39 40 47 47 42 42 41 41 44 47 51 53 47 51 46 48 42 42 48 51 46 48 42 42 47 49 44 44 42 42 40 40 42 43 48 49 51 51 48 49 43 44 45 48 48 49 43 43 38 38 39 40 40 42 45 48 46 49 45 48 48 48 42 43 39 40 47 49 40 42 48 50 44 46 43 45 46 47 40 42 45 46 46 50 41 42 44 45 40 41 42 46 41 44 43 44 46 50 40 40 42 43 41 41 39 40 40 41 50 54 48 50 47 49 41 43 40 43 41 41 46 46 48 50 46 46 44 45 50 50 40 40 45 46 40 42 46 49
45 45 45 46 44 46 45 45 42 43 45 46 44 45 42 43 51 52 45 48 47 48 42 42 41 42 49 52 45 47 47 48 48 49 39 40 49 50 50 51 48 49 47 48 45 49 38 38 51 52 45 46 46 46 48 52 50 50 50 50 40 40 41 42 46 46 43 45 42 45 46 49 49 50 49 51 46 48 42 42 51 52 49 50 44 46 48 48 45 45 40 40 42 42 43 43 47 48 51 51 49 49 45 46 44 44 46 47 44 44 41 41 41 42 43 43 45 46 47 47 45 46 46 48 41 42 40 40 44 44 42 43 50 52 43 43 41 43 48 48 41 44 45 46 46 47 42 43 46 47 42 43 42 42 42 43 45 46 46 49 41 42 45 47 41 42 40 40 40 41 48 49 47 48 44 44 41 41 41 41 39 39 43 45 48 49 44 44 44 46 49 52 41 45 44 44 42 42 46 47
45 45 44 45 47 48 45 45 42 44 47 48 45 46 45 48 51 51 44 45 47 48 43 45 41 43 49 53 46 47 49 50 45 46 42 43 47 48 51 53 48 52 49 49 46 49 41 41 51 52 44 46 46 47 49 49 47 48 50 51 39 40 40 40 46 48 44 46 44 46 46 46 51 53 48 51 48 50 43 45 48 49 48 52 44 45 49 51 45 46 42 44 43 43 43 44 47 49 50 51 50 51 44 45 44 45 48 49 41 44 38 40 41 44 43 44 44 45 46 47 44 45 49 49 39 39 40 42 45 47 40 43 48 48 45 47 41 41 48 50 43 44 45 46 47 47 42 43 46 47 43 43 44 46 42 44 44 47 45 45 42 42 44 48 41 44 41 41 38 39 51 52 46 47 45 47 42 45 40 41 40 42 44 44 49 49 46 49 44 44 51 52 38 41 43 43 41 42 43 44
44 44 44 45 47 50 44 44 44 45 46 47 43 44 43 45 50 50 44 46 46 47 43 44 42 43 46 49 48 49 48 50 45 45 42 43 46 49 50 52 51 51 49 51 44 45 40 44 51 53 45 46 46 46 48 50 48 52 48 51 39 39 38 38 48 49 42 42 43 43 47 47 48 50 48 48 45 46 44 46 50 52 49 51 42 44 48 49 43 44 41 42 40 40 42 43 50 51 49 50 51 53 46 46 43 44 46 47 41 45 38 39 41 41 43 43 43 44 44 44 46 46 47 47 42 42 42 43 44 47 41 43 49 50 44 44 42 42 49 50 43 45 45 48 49 50 43 43 46 48 41 41 42 45 41 42 42 42 45 46 41 42 42 45 42 44 40 42 39 41 50 50 46 46 46 46 42 44 41 42 39 39 45 47 48 49 44 48 46 47 48 51 40 43 43 43 40 40 43 44
