10 50
39 42 48 49 45 46 46 47 39 40 47 48 42 44 40 40 44 44 44 47 41 42 50 53 38 39 41 43 47 48 44 47 41 41 45 45 42 43 47 48 44 45 43 44 45 45 43 44 50 51 46 46 43 44 47 47 44 45 45 48 42 42 44 45 47 49 40 41 45 45 44 45 48 49 48 49 44 45 40 41 47 47 47 48 41 44 41 42 45 48 41 43 44 48 45 48 46 46 46 47
39 39 50 51 43 43 46 46 39 42 49 52 44 44 38 38 44 47 44 44 39 41 48 49 39 40 39 40 44 44 43 46 39 39 47 50 42 44 47 47 46 47 40 42 46 50 43 45 50 50 47 47 45 47 48 50 42 45 46 46 41 42 45 45 45 46 40 43 44 46 42 44 50 53 47 50 43 45 41 43 49 50 46 48 42 43 41 43 44 44 41 45 44 46 46 49 46 47 43 44
41 44 47 47 46 47 44 48 42 43 49 49 43 45 41 41 45 46 45 45 39 40 49 53 40 43 40 40 44 45 45 45 41 45 45 45 42 42 49 50 45 45 42 44 44 44 43 45 49 50 46 48 43 47 48 51 43 46 47 48 42 43 43 46 48 48 41 42 44 46 44 45 49 50 47 47 46 48 43 44 47 47 46 47 41 41 42 43 43 44 41 44 45 45 45 47 47 48 46 47
39 42 48 50 46 46 47 48 41 41 50 53 45 46 39 40 47 49 45 45 41 41 50 50 39 39 38 39 46 46 45 48 41 42 45 45 42 43 48 49 45 45 40 42 46 46 41 41 49 51 45 47 45 46 49 50 43 44 48 49 43 44 44 46 47 47 42 43 46 48 44 44 49 49 46 48 44 44 40 42 47 47 46 48 42 42 43 46 43 46 41 42 43 44 43 43 45 49 43 43
40 43 47 47 45 46 44 46 40 42 50 50 43 44 39 40 46 46 46 48 41 41 49 51 40 40 40 41 47 50 43 43 41 44 46 47 42 44 49 50 46 47 40 40 46 46 40 42 48 48 46 47 45 47 47 47 41 42 47 50 41 42 45 45 48 49 41 42 46 46 44 45 47 47 48 48 45 45 41 43 49 50 47 47 43 47 41 42 43 44 42 42 45 48 43 45 46 46 45 45
42 45 47 48 45 46 45 47 41 44 47 50 45 49 38 40 44 45 47 48 41 41 51 55 40 43 38 40 44 47 43 46 40 42 44 45 41 41 48 50 44 45 43 44 46 48 40 42 51 52 47 48 44 45 48 48 41 44 45 45 40 41 42 45 48 49 40 40 44 47 44 45 47 50 49 50 43 43 43 44 48 49 48 50 44 45 40 40 42 43 42 46 43 43 45 45 48 48 43 43
39 41 47 50 43 47 47 47 39 42 49 50 44 46 38 39 46 46 46 47 39 40 48 49 39 41 38 38 45 46 44 45 41 41 45 47 42 42 47 47 44 46 43 43 47 48 43 45 51 52 45 46 44 44 49 49 44 45 47 48 40 43 43 45 48 49 42 43 44 45 44 47 47 47 48 49 45 48 42 42 50 52 46 49 43 44 40 43 44 48 43 44 46 47 44 44 45 45 43 44
40 44 49 52 44 46 44 45 41 41 50 53 42 43 41 45 44 44 46 46 38 40 48 49 38 39 41 41 44 44 44 44 40 43 46 48 43 43 50 51 47 48 43 43 45 47 40 41 48 48 47 50 43 44 50 51 42 45 47 48 42 44 42 45 46 47 40 40 46 48 42 43 50 51 46 48 43 44 43 45 49 53 48 49 42 43 40 43 43 45 42 42 46 50 45 46 48 48 46 46
42 43 47 47 43 46 44 46 41 43 49 53 45 45 41 43 44 45 45 46 39 39 49 50 41 41 41 42 44 45 45 45 41 41 45 49 43 45 47 47 44 44 42 45 46 46 41 42 48 49 48 49 43 45 50 54 43 46 47 48 41 41 44 47 47 50 43 43 46 46 42 43 49 50 46 46 45 45 42 44 47 48 47 48 42 43 41 41 43 44 43 46 45 45 43 44 47 51 43 46
39 41 47 49 45 46 45 46 40 41 49 49 44 46 41 42 47 49 44 45 39 40 51 51 40 41 38 38 47 48 44 44 41 43 46 49 41 42 47 50 47 48 43 45 47 48 41 43 48 51 48 49 43 44 48 50 42 46 46 47 41 42 42 44 45 46 41 42 46 46 41 41 49 51 49 51 44 44 41 43 49 52 46 46 44 45 43 43 45 48 41 42 43 43 43 44 47 47 44 44
