10 10
49 52 38 40 39 39 40 40 47 47 46 50 39 43 49 49 38 40 41 41
51 55 41 42 41 44 39 41 46 48 49 50 39 40 49 49 39 41 41 43
49 49 38 38 39 39 41 41 45 48 47 49 40 41 48 48 40 40 39 39
49 50 38 39 41 42 40 41 44 46 46 48 40 40 48 50 39 40 41 41
51 54 41 43 41 41 39 41 44 45 47 47 41 43 47 49 39 40 40 44
50 53 39 40 40 40 38 41 44 44 47 50 41 42 47 48 40 42 38 40
49 50 38 40 40 41 38 38 47 47 47 51 38 40 48 52 38 39 40 40
50 52 41 41 42 43 41 44 44 46 47 48 38 39 50 51 39 42 38 38
49 50 41 42 39 41 39 39 47 47 46 47 40 40 49 49 40 41 41 41
49 50 38 38 39 42 41 41 46 46 49 50 40 41 48 48 41 42 38 38
