300 10
41 44 44 48 45 46 42 43 47 48 44 45 46 46 41 42 45 47 49 49
39 41 46 46 43 44 41 42 47 49 45 45 48 50 42 43 45 48 48 51
40 41 46 46 44 45 41 44 46 47 45 46 47 49 41 42 42 44 49 49
38 40 46 47 43 44 41 42 47 48 44 47 46 49 42 42 42 43 48 48
41 42 45 48 44 44 43 46 47 48 45 46 48 49 40 43 45 46 50 53
41 41 44 44 46 48 40 41 47 47 45 45 48 49 41 45 44 44 50 51
40 40 47 48 45 45 42 43 47 47 47 48 45 46 39 40 45 48 48 50
41 41 46 46 46 47 43 43 44 47 47 50 45 46 40 43 42 46 49 49
38 38 46 50 44 44 43 43 44 44 47 48 47 48 41 42 42 43 48 48
41 42 44 48 43 45 40 44 45 47 45 48 47 47 41 41 43 45 49 52
38 39 45 45 45 45 43 44 47 48 46 48 47 47 40 40 43 45 47 47
40 44 44 45 43 45 42 42 44 46 47 50 45 48 40 40 43 44 47 48
40 40 47 48 45 46 43 44 45 46 46 47 47 48 40 43 45 45 48 48
38 39 46 46 43 43 43 43 47 50 44 46 47 49 42 42 44 46 47 51
39 40 46 48 44 46 40 41 47 50 46 46 46 47 42 45 44 44 49 51
38 38 47 50 45 48 42 42 47 48 45 45 46 47 41 44 42 44 49 49
38 38 44 47 44 44 42 42 45 48 47 50 45 46 42 43 45 49 48 49
38 38 44 46 44 45 41 45 47 47 45 47 45 47 42 43 45 47 48 52
40 41 45 45 43 43 42 46 45 47 45 46 48 48 39 43 44 46 47 50
39 39 47 48 46 48 43 44 47 49 46 46 47 48 40 42 44 44 47 49
40 40 46 47 44 44 41 41 47 48 46 48 48 50 41 41 45 49 48 49
40 40 46 47 46 46 41 41 47 48 47 50 45 46 41 41 42 44 50 52
40 41 46 48 44 46 40 44 47 50 47 48 47 48 41 43 43 45 50 54
38 38 44 47 43 44 41 42 47 47 46 46 45 48 41 42 43 46 47 51
38 38 46 49 45 45 42 43 45 49 46 46 48 50 42 42 45 46 50 53
39 39 46 47 45 46 42 44 46 49 44 44 47 49 41 42 43 44 50 50
38 39 45 47 43 44 43 44 44 44 47 49 47 48 40 44 43 45 47 47
41 42 46 47 46 48 40 40 44 45 47 47 45 46 39 41 45 48 50 50
38 41 44 44 43 43 41 45 45 45 46 47 45 45 41 44 43 43 48 48
38 40 46 46 43 45 41 41 45 46 44 45 48 49 41 41 43 45 49 51
40 41 46 47 46 48 43 43 44 46 45 45 47 48 39 40 42 44 47 48
38 38 45 47 46 46 40 40 45 45 46 46 46 48 40 41 44 45 48 50
41 41 44 45 45 46 40 42 45 47 46 50 45 49 41 41 44 44 47 47
38 38 45 47 44 44 43 45 46 46 46 50 48 48 41 41 44 48 48 49
40 42 45 45 45 46 41 42 45 46 46 50 48 49 39 41 43 47 50 53
41 42 45 47 43 45 43 43 44 45 47 47 45 49 40 43 45 46 49 53
39 40 45 46 45 45 42 42 45 49 44 44 45 45 41 44 43 45 49 51
39 40 46 46 43 44 43 43 45 46 47 47 46 49 42 42 45 47 48 49
38 40 46 46 45 47 42 43 45 47 45 46 45 46 41 41 43 46 47 49
38 39 44 44 46 47 41 42 44 45 45 46 47 47 39 41 44 45 49 50
39 41 47 47 46 47 42 42 44 45 45 48 47 47 39 40 45 46 49 53
38 41 46 46 45 49 43 45 47 48 45 46 45 45 42 42 44 47 50 50
39 40 46 46 46 47 40 40 45 45 47 49 47 48 41 41 43 44 48 48
41 42 44 44 44 45 42 44 47 47 46 49 46 46 42 45 43 43 48 50
38 38 44 47 46 47 41 41 47 51 45 48 48 49 40 43 42 43 49 51
39 41 45 46 43 46 40 40 44 45 47 50 47 49 39 41 43 43 47 50
39 41 44 45 45 46 41 45 44 47 47 47 45 45 41 44 43 47 48 48
38 40 45 45 44 45 40 41 45 45 45 47 48 48 40 41 45 45 50 51
41 42 47 49 45 45 43 46 45 47 44 47 46 48 39 40 45 45 47 48
39 42 46 49 45 46 40 41 44 45 46 47 46 47 39 42 44 44 50 50
39 43 44 44 45 46 42 43 47 48 45 45 45 46 42 45 44 44 49 51
39 39 45 45 46 46 40 41 45 45 47 47 48 50 39 42 42 44 49 49
41 42 44 45 45 46 41 43 47 47 45 46 46 46 39 39 43 47 50 53
40 40 45 47 44 45 41 45 44 48 46 50 46 49 40 40 43 45 48 50
40 40 44 45 45 45 40 40 44 46 46 47 46 47 42 43 45 45 50 51
39 41 45 45 45 46 43 44 47 48 46 48 47 48 39 40 42 43 48 49
40 41 46 46 46 46 40 42 46 47 44 46 47 48 40 42 43 44 47 47
39 43 45 45 45 45 41 42 46 46 44 46 48 49 39 39 43 43 48 49
41 43 46 48 44 45 41 42 46 48 44 48 45 46 39 40 42 45 47 47
38 38 46 50 43 43 42 42 47 48 46 47 47 47 39 40 43 44 47 48
39 40 47 47 43 44 42 45 46 46 45 45 48 50 42 45 45 47 49 50
40 41 46 48 44 45 40 40 44 46 44 46 48 49 39 39 42 44 48 51
38 39 46 46 45 47 42 43 46 46 47 48 45 47 39 42 44 45 50 54
38 38 47 51 44 46 40 41 44 44 46 46 45 46 42 42 43 44 49 52
39 40 47 49 45 46 40 43 44 45 45 45 48 48 39 41 44 45 47 47
39 41 45 46 46 47 42 42 44 44 45 46 45 46 40 40 43 45 50 51
41 45 46 48 45 49 40 40 45 45 47 47 47 49 40 42 45 45 48 48
41 42 46 46 43 43 42 45 45 45 47 48 47 48 41 41 45 46 47 49
38 39 44 47 45 45 40 43 47 47 46 49 45 47 40 41 42 43 50 51
39 41 45 48 45 47 43 46 46 49 45 48 45 46 41 41 43 45 47 47
40 42 44 44 46 47 40 43 44 47 45 45 48 48 40 42 44 44 49 52
41 42 45 46 44 44 42 43 47 47 44 45 45 47 42 42 45 47 48 50
41 42 45 48 44 44 40 41 46 49 46 48 45 48 39 39 44 45 50 54
40 42 46 48 43 44 43 43 47 48 47 49 46 46 41 44 42 43 48 49
41 42 45 45 45 46 43 46 46 46 45 47 48 49 41 42 44 45 48 49
40 41 45 45 45 46 43 43 45 45 46 46 45 46 42 43 45 47 49 50
41 41 46 47 44 45 43 47 45 46 44 45 47 47 39 41 43 43 49 49
40 41 45 48 44 45 42 42 44 46 47 47 47 47 39 39 45 45 48 49
38 41 45 45 43 44 40 41 45 47 46 47 45 47 39 41 44 44 47 51
41 42 47 47 43 47 43 43 47 49 47 48 48 50 42 45 42 42 47 47
39 41 45 45 44 46 42 42 45 47 47 49 48 49 42 43 43 44 47 47
38 40 44 46 46 46 43 44 44 45 47 47 48 50 42 42 44 45 48 48
41 44 44 45 45 46 41 41 47 48 47 50 46 47 42 45 44 48 49 50
39 40 46 49 43 44 42 43 46 46 45 45 47 48 40 41 44 47 47 50
40 41 47 47 43 46 42 43 44 45 46 47 47 48 42 42 43 44 49 49
38 39 44 45 43 43 42 42 45 49 45 45 46 47 42 43 44 45 49 49
38 38 46 46 44 44 43 43 46 49 46 49 46 46 41 42 42 45 49 50
38 39 45 47 46 50 40 40 45 46 45 46 45 47 42 45 44 45 50 52
38 39 47 47 45 45 43 45 46 46 46 47 48 48 39 39 44 46 50 50
39 39 45 45 45 46 42 43 47 47 44 45 47 47 40 42 42 43 50 51
41 41 47 47 45 47 41 44 47 47 47 49 47 47 39 41 44 46 49 52
38 41 46 46 44 45 42 43 45 45 45 46 48 49 41 41 43 45 49 51
38 41 47 49 45 46 43 43 47 48 46 46 48 50 40 40 45 46 50 50
39 40 46 49 46 47 40 40 44 46 45 46 47 48 42 46 43 46 50 52
41 44 45 46 43 45 41 41 44 46 44 46 47 49 42 42 42 43 48 51
38 38 47 48 46 46 40 41 46 48 44 44 45 45 40 41 44 45 50 51
40 41 47 47 46 47 40 41 47 48 44 47 46 50 41 41 44 46 48 50
40 40 44 47 44 45 43 43 44 45 45 46 48 52 41 43 45 45 48 48
39 40 44 44 43 43 43 44 44 44 47 49 45 46 42 44 45 46 50 50
38 38 46 46 46 47 41 45 44 44 45 47 48 48 40 40 42 45 50 51
39 39 45 46 43 44 40 41 44 45 45 48 47 50 39 42 45 48 47 47
38 39 45 46 45 46 43 45 47 47 44 45 45 46 39 41 44 46 48 50
38 38 46 48 44 46 41 42 45 48 45 46 45 47 40 41 45 46 50 53
39 39 47 47 43 43 43 44 44 44 47 48 46 47 40 44 42 42 48 51
38 40 44 44 46 46 42 42 47 48 47 47 46 49 41 42 44 44 47 49
41 43 44 44 44 45 42 43 45 45 47 48 47 49 39 40 45 46 49 53
40 40 44 44 45 46 42 46 47 47 45 47 47 50 41 42 45 47 47 49
41 41 47 47 44 47 43 43 47 47 47 47 48 50 42 42 45 47 47 48
41 42 45 47 43 43 41 41 45 46 47 47 45 46 39 41 45 46 47 50
38 40 46 47 43 43 43 43 44 44 44 46 46 49 42 42 42 43 47 47
38 41 45 46 46 47 42 44 44 44 44 46 46 49 40 41 44 46 49 50
40 40 47 49 43 44 40 43 47 48 46 46 47 48 40 41 45 46 50 52
41 41 46 47 44 45 41 41 46 47 45 45 48 48 42 42 43 45 50 52
41 42 45 49 44 44 40 42 46 49 46 48 47 47 39 40 43 43 50 51
39 41 47 47 43 46 40 40 46 46 45 45 47 49 40 40 42 46 47 48
40 40 47 47 45 45 41 41 44 48 45 46 47 47 41 43 44 46 48 48
41 42 45 45 44 44 43 43 45 45 44 45 46 47 39 39 43 44 48 48
38 39 46 47 45 46 43 43 46 46 46 46 45 45 42 43 43 44 50 50
38 40 45 48 43 45 43 44 46 46 46 50 48 49 41 41 43 47 50 50
39 39 44 44 45 47 42 45 46 46 46 47 45 45 39 43 44 47 49 51
38 38 47 47 45 46 43 43 44 44 45 46 46 49 40 41 42 44 47 48
40 42 45 46 45 47 42 42 44 46 44 45 47 50 42 46 42 43 47 47
38 40 45 45 46 46 43 43 45 46 44 47 45 46 40 42 44 45 50 53
41 43 46 46 43 44 40 42 45 48 44 48 46 48 39 39 45 45 47 48
41 44 45 48 43 43 42 43 45 45 46 47 47 47 42 43 42 43 49 51
39 40 44 45 46 46 40 42 46 47 46 49 48 48 39 39 44 46 50 51
40 41 46 46 46 48 43 45 46 47 44 48 48 49 40 40 44 44 47 47
39 40 47 50 45 45 40 40 44 47 47 47 46 47 39 39 42 44 49 50
41 41 46 47 46 50 42 46 44 44 46 47 48 51 40 40 42 46 47 47
40 40 44 44 46 46 43 43 44 46 47 47 46 49 42 45 43 46 48 48
39 42 44 47 45 48 41 41 47 50 45 46 47 47 42 42 45 47 49 49
39 40 45 45 46 50 43 44 46 47 44 47 45 47 41 41 43 45 49 50
40 40 47 47 43 43 40 40 46 46 47 49 47 47 39 39 43 44 48 50
39 40 46 50 43 45 43 43 45 45 46 47 46 47 40 41 42 44 50 50
38 38 44 44 44 45 41 44 45 45 46 47 45 46 41 45 42 44 47 48
38 38 46 46 43 45 42 44 46 50 47 48 48 48 41 43 43 43 49 52
39 42 45 48 44 45 40 41 44 47 44 47 45 47 41 42 43 44 49 49
40 41 45 46 44 44 40 43 47 48 46 47 47 49 42 42 43 43 47 47
40 40 44 44 44 45 43 47 46 49 46 46 47 51 40 41 45 45 47 48
41 43 46 46 45 46 40 41 45 49 44 44 47 48 41 45 42 43 47 50
39 42 47 47 43 45 43 45 47 50 44 46 46 50 41 41 44 47 49 50
40 42 47 51 46 47 42 44 45 47 47 47 47 47 39 42 45 47 50 50
39 41 46 47 46 48 40 40 45 46 46 47 45 45 39 40 42 44 50 51
39 40 44 44 43 43 40 41 45 45 47 48 45 45 41 43 43 47 48 50
41 42 45 45 43 46 42 43 44 45 46 48 48 49 40 41 43 44 48 48
41 44 45 47 45 49 41 43 45 45 46 48 46 48 40 42 44 44 50 52
39 41 44 46 45 47 42 46 47 47 46 46 46 47 41 41 45 46 50 50
40 40 44 46 43 43 43 44 46 47 44 47 45 47 42 46 43 43 47 47
40 40 45 45 43 44 43 43 46 46 47 48 45 49 41 41 45 46 49 49
39 39 45 47 45 46 42 43 45 45 45 48 45 46 39 41 44 44 50 50
39 39 45 47 43 45 43 44 47 47 44 45 45 45 42 44 43 44 49 50
39 41 44 45 43 44 42 43 44 45 44 44 46 46 40 42 43 44 47 47
40 43 46 47 43 44 42 43 46 47 44 44 45 45 41 41 45 49 47 47
39 40 45 47 45 48 41 42 46 46 47 48 46 49 39 39 43 43 49 50
41 43 45 46 46 49 41 41 44 46 44 45 46 48 41 43 43 43 49 50
39 40 47 49 46 47 43 46 45 45 45 45 47 48 41 43 45 46 48 49
41 42 47 48 45 49 41 41 45 46 47 49 48 49 39 41 42 42 50 50
39 39 46 50 43 47 42 42 47 48 45 45 46 47 39 39 44 45 50 51
39 39 44 44 45 45 42 43 46 47 44 47 48 52 39 42 42 46 49 49
39 41 46 46 43 45 40 40 44 44 46 47 46 46 42 42 45 45 47 48
39 40 44 44 45 45 41 42 45 46 45 46 46 47 41 42 42 43 48 49
38 38 46 49 46 49 40 40 45 45 44 44 48 48 39 40 44 46 47 47
40 42 45 46 44 45 41 44 44 47 46 49 47 48 40 41 43 44 49 49
39 40 45 46 43 44 43 44 44 44 45 46 48 49 42 43 42 46 49 49
41 41 47 50 44 44 41 41 47 48 44 46 47 49 42 43 43 45 48 51
41 42 44 47 43 43 40 41 44 48 46 46 46 46 42 43 42 46 50 52
40 44 46 47 44 46 40 41 45 45 44 45 46 49 42 44 44 46 50 50
39 43 44 44 43 44 43 45 46 49 44 45 45 46 41 42 44 44 50 50
39 41 45 47 44 46 43 43 47 48 44 45 47 48 39 39 42 43 47 50
40 42 46 46 46 48 41 43 47 48 47 48 45 45 42 45 44 46 48 52
39 41 44 48 44 44 42 42 45 45 45 48 45 45 42 42 43 43 47 48
40 42 46 47 44 45 41 41 44 44 45 47 48 48 40 41 42 46 48 50
41 45 44 47 43 44 43 45 45 46 44 44 46 47 42 45 42 42 48 52
41 41 45 48 44 44 41 41 47 51 44 44 45 47 42 45 45 46 50 52
39 39 44 44 46 47 43 45 44 44 46 47 45 45 42 43 44 45 50 51
38 38 45 46 46 49 40 40 46 48 46 47 45 45 40 42 45 46 48 48
41 42 45 45 46 47 42 43 46 47 45 48 46 46 41 43 45 47 48 49
39 41 47 48 46 49 43 43 44 44 47 47 45 47 39 40 45 46 48 48
39 39 46 48 44 44 40 40 46 46 46 46 48 51 41 44 44 44 50 52
41 42 46 46 43 44 41 43 45 46 46 47 45 48 40 41 44 45 47 49
38 38 44 44 44 44 40 42 47 48 45 45 45 45 39 39 42 42 47 48
38 38 47 49 43 43 41 41 45 46 47 48 48 49 40 41 42 43 48 49
40 43 46 47 43 47 40 41 45 45 47 51 45 45 40 41 45 46 48 51
41 41 44 44 43 43 41 41 45 46 46 49 46 47 40 43 42 42 47 47
38 40 46 47 43 45 43 47 46 49 46 46 46 46 39 39 45 46 47 48
38 42 44 45 46 47 42 44 44 45 44 45 46 49 40 42 43 47 49 49
41 45 47 49 46 47 41 41 44 48 45 45 47 49 39 40 43 45 47 47
38 39 47 49 44 47 40 40 45 46 46 48 45 46 40 40 45 46 48 48
38 40 46 46 44 44 43 45 45 46 45 45 47 51 42 42 42 43 50 54
39 41 46 46 43 44 40 42 44 45 44 44 48 48 39 39 45 45 49 50
40 40 45 48 43 44 40 40 45 46 44 44 48 49 40 44 45 45 47 47
41 42 44 44 46 47 42 43 46 47 45 45 46 50 39 39 43 45 48 49
39 39 44 44 44 46 40 41 45 45 46 49 48 51 42 43 44 45 48 51
40 41 44 44 46 48 40 43 46 47 44 48 45 46 39 40 44 44 50 50
41 44 47 47 43 43 40 41 45 48 44 44 48 48 40 41 43 46 50 51
41 43 47 48 43 44 42 43 46 49 44 45 45 47 40 40 44 44 47 47
39 39 46 47 44 44 41 43 44 45 45 47 45 47 41 42 42 45 50 52
39 41 47 49 43 44 40 41 46 49 45 45 46 49 41 42 45 45 47 47
41 42 44 47 43 43 42 42 44 44 45 46 45 47 42 42 42 43 47 48
41 41 44 46 45 47 43 46 47 50 47 48 45 45 42 42 44 44 49 50
41 42 44 45 44 44 43 45 44 44 46 47 45 46 40 41 43 46 49 49
38 38 45 46 43 44 40 41 45 45 45 46 46 47 40 43 45 45 49 49
40 43 45 45 45 46 40 40 45 47 47 50 47 49 40 41 43 44 49 49
40 41 46 46 45 49 43 46 44 46 44 44 48 48 42 44 44 46 48 49
40 40 44 45 45 45 43 44 46 47 44 46 47 49 41 43 42 42 49 51
39 43 45 47 43 43 43 44 46 47 46 48 47 49 42 42 43 43 48 48
39 39 47 51 43 47 40 40 45 46 44 45 48 49 41 42 42 42 50 50
39 42 45 47 46 46 40 42 44 45 45 45 45 45 42 44 44 44 47 47
39 41 47 47 44 46 41 41 45 45 47 47 45 45 42 45 44 45 49 51
41 43 46 49 44 44 42 44 44 47 47 48 47 48 42 44 44 44 49 51
40 40 46 47 46 50 43 44 47 49 46 46 47 47 39 41 42 46 50 50
38 39 45 47 45 46 41 42 45 46 46 46 46 47 41 42 45 45 50 51
41 42 44 44 43 45 43 43 45 45 44 44 47 49 42 43 45 45 49 49
39 39 45 48 44 45 40 41 45 45 45 46 47 48 40 40 42 42 48 49
41 44 44 44 43 45 40 41 47 47 46 47 48 48 41 41 44 45 50 51
38 40 46 46 46 47 42 44 46 48 45 46 45 46 39 40 45 47 50 51
40 41 47 49 46 46 41 42 44 44 47 49 46 46 40 40 45 49 47 47
40 43 44 44 43 45 40 40 46 46 46 46 48 51 42 44 42 43 50 51
40 41 45 47 46 50 43 44 44 47 45 46 47 49 39 40 44 47 47 50
40 42 44 47 46 47 42 43 44 46 45 45 45 47 40 41 43 44 48 48
40 40 46 49 44 45 40 41 46 46 46 50 46 50 39 41 44 47 49 50
38 39 46 49 43 45 42 43 45 48 45 48 48 49 40 40 45 45 49 52
39 39 44 48 45 46 42 46 45 45 45 46 46 48 40 42 43 44 47 49
41 44 45 49 45 46 41 42 46 48 45 45 46 47 40 41 43 44 48 51
39 39 47 48 43 46 42 45 45 45 44 46 46 48 40 42 43 45 50 50
40 42 45 45 46 47 42 42 46 47 45 45 47 47 41 42 45 45 50 51
39 39 44 44 45 45 43 44 44 44 47 50 45 45 42 45 43 45 47 51
41 42 45 45 45 46 41 43 44 45 46 49 48 48 41 41 43 46 47 49
41 43 46 46 44 44 40 40 47 47 44 45 45 46 40 40 43 45 48 51
40 41 44 47 46 48 43 44 47 49 44 45 47 51 40 40 42 46 50 51
39 41 46 50 43 45 41 44 45 45 45 47 45 45 39 41 45 46 47 48
38 39 46 47 44 45 40 40 46 50 47 48 46 49 39 39 44 44 48 49
41 45 47 48 45 45 41 43 44 44 47 50 48 48 40 40 44 45 49 52
38 38 44 48 45 45 41 43 44 44 44 46 47 48 39 42 44 44 49 49
41 42 44 46 43 45 43 44 46 49 47 48 47 48 40 42 43 43 49 51
38 40 45 45 43 43 43 43 47 49 45 46 45 45 41 41 45 47 50 52
38 38 46 46 46 46 40 40 46 46 46 46 45 47 41 42 44 45 47 50
39 40 46 48 45 48 42 42 45 47 44 44 47 49 41 43 43 44 49 49
41 41 44 44 45 46 41 42 46 48 46 46 47 48 40 44 43 45 50 51
40 41 45 46 46 46 41 42 46 46 46 50 48 48 42 42 42 42 49 49
41 42 46 47 43 44 42 46 46 46 44 45 45 47 40 40 44 44 48 49
38 40 44 44 45 46 40 43 44 44 47 48 48 48 41 42 44 44 47 48
41 45 46 48 46 48 42 42 46 46 44 44 48 51 40 40 45 45 48 50
39 40 44 44 46 46 40 42 46 49 46 47 46 46 39 42 42 42 47 49
40 41 45 49 43 44 41 44 46 46 47 47 46 47 41 42 43 44 47 49
41 42 44 44 45 48 42 43 47 48 44 44 45 45 42 46 45 47 48 48
39 39 45 48 46 46 40 43 47 47 44 46 48 51 40 41 42 43 47 50
40 43 47 49 46 47 40 41 45 45 44 44 47 48 39 41 44 44 47 50
39 41 47 47 45 46 43 47 45 46 46 48 47 47 41 44 45 47 49 49
41 42 45 46 43 45 41 41 45 49 44 44 48 49 39 39 45 45 47 47
41 42 45 46 44 44 41 45 44 45 44 45 48 50 41 41 44 46 47 47
41 42 46 47 44 44 40 43 44 44 46 48 48 49 41 42 44 44 50 50
41 42 45 47 43 43 43 45 46 46 44 44 47 50 40 44 42 44 49 49
38 38 47 47 46 48 43 46 45 46 45 45 48 49 41 41 43 43 50 52
38 40 47 48 44 45 40 41 45 45 46 48 45 45 41 43 43 45 47 48
40 41 47 49 45 45 41 41 46 46 46 48 46 46 39 40 44 47 48 48
38 39 44 45 44 47 42 43 46 47 47 48 45 45 41 41 43 43 50 51
40 40 44 44 45 47 41 41 47 47 45 47 47 49 42 42 44 44 49 50
39 41 45 49 45 49 43 43 45 47 44 45 47 48 42 43 44 44 49 51
39 39 47 47 46 46 43 43 44 44 45 45 48 49 39 39 43 43 50 51
40 41 47 48 44 45 40 41 46 47 46 46 47 49 41 42 44 47 50 51
41 43 44 45 44 45 41 41 46 47 44 46 45 45 41 41 44 48 48 48
40 43 46 46 43 45 41 43 46 47 44 46 46 46 39 43 43 43 48 48
38 41 46 48 46 48 42 44 44 44 44 45 46 49 41 43 45 48 47 48
38 40 47 47 45 46 40 40 44 45 44 44 46 48 40 41 45 47 47 47
40 42 45 46 45 46 41 42 45 45 47 48 45 46 39 40 42 43 49 51
38 38 45 48 44 46 40 40 46 46 44 44 48 50 39 43 43 46 47 51
41 41 44 45 45 45 40 43 46 46 47 51 48 51 41 42 45 45 48 48
38 40 44 48 43 44 43 47 46 47 46 48 46 49 39 39 45 46 48 51
38 39 46 46 44 46 40 42 45 47 47 47 45 46 41 43 43 46 49 50
38 39 46 47 44 44 43 43 44 45 45 48 47 47 41 42 43 44 50 51
41 41 46 47 46 48 41 41 45 47 45 45 46 47 39 42 44 47 49 51
41 43 47 50 44 46 41 44 46 47 46 47 46 47 40 43 43 44 47 48
41 41 44 45 45 45 40 42 45 47 46 47 48 49 40 41 45 45 49 53
41 41 45 46 46 47 41 41 45 47 46 46 46 46 39 42 43 43 48 49
38 40 44 45 46 46 40 43 47 47 45 47 45 49 40 40 45 46 49 52
41 44 46 46 43 45 43 43 45 48 45 46 47 47 42 46 44 44 48 49
39 39 44 44 44 45 41 42 44 44 44 48 46 47 41 42 42 42 48 49
41 42 45 47 46 47 43 46 47 48 47 48 46 46 41 41 44 47 50 53
39 39 45 45 44 47 42 43 44 44 44 44 46 46 39 40 45 45 50 51
39 39 44 47 45 48 41 43 47 47 44 45 48 50 40 42 44 45 49 49
38 38 44 45 45 47 42 43 46 47 44 45 46 47 40 41 43 43 50 52
40 42 46 47 43 45 40 43 46 50 44 45 48 52 40 40 44 44 47 48
39 40 47 48 45 48 42 43 45 46 45 46 47 47 42 43 43 43 47 48
40 41 47 47 46 47 40 44 44 46 46 47 46 47 41 41 43 44 49 49
41 41 46 46 46 48 43 45 45 46 45 47 45 46 42 45 42 44 48 48
38 40 47 48 43 44 41 45 44 45 44 44 48 50 41 41 43 44 48 50
41 41 47 49 43 46 42 43 47 47 45 48 45 45 41 44 43 43 50 52
39 40 45 47 44 48 42 42 46 49 47 49 47 48 39 39 44 44 49 49
38 38 45 47 44 45 42 42 45 45 46 48 48 51 39 40 43 43 48 48
41 45 47 47 46 49 42 44 47 49 44 47 45 45 40 44 42 42 49 50
39 43 46 48 46 47 42 43 44 45 47 47 47 48 41 41 45 49 48 49
41 41 45 46 44 44 42 46 47 47 47 48 45 46 40 42 42 44 50 51
39 42 45 45 43 44 40 40 44 45 46 46 45 45 41 41 42 43 47 48
39 43 47 47 43 46 43 44 47 50 44 45 47 47 42 43 45 46 49 50
38 39 46 49 46 50 42 43 44 44 47 47 48 49 39 41 42 42 49 53
41 43 45 45 43 45 42 43 44 44 46 47 46 46 39 41 43 46 47 47
41 41 46 47 43 43 42 45 44 46 47 50 45 46 41 41 42 43 50 50
38 39 45 45 46 49 42 42 46 48 45 46 45 46 42 42 44 46 49 51
38 40 45 45 45 46 41 45 47 49 44 46 46 48 40 41 43 46 48 49
