100 10
49 50 45 46 45 48 47 50 41 43 41 41 42 43 41 41 44 44 49 49
47 50 45 46 44 45 50 53 42 44 43 45 40 41 40 43 45 46 51 52
47 49 44 45 47 48 47 50 42 43 42 43 41 42 41 44 44 44 49 50
47 47 44 45 47 48 48 49 43 47 41 41 39 42 40 44 44 44 49 50
47 49 43 45 47 48 49 50 42 44 42 43 41 43 41 41 45 47 50 51
47 47 44 44 44 45 49 52 44 45 40 40 39 42 42 44 42 42 50 52
48 51 46 49 44 48 50 51 42 44 40 42 40 44 42 45 43 43 48 50
48 48 43 45 44 47 50 50 42 43 41 43 40 43 40 40 44 45 50 52
49 52 45 45 45 47 48 49 41 44 42 45 41 42 40 44 42 42 50 52
48 48 45 48 46 48 50 51 44 45 43 46 39 41 41 41 43 45 48 51
49 53 45 48 46 49 50 50 44 46 42 42 42 42 40 42 44 45 50 54
46 46 44 46 46 46 48 50 41 41 40 40 42 44 40 42 43 44 51 51
46 50 46 47 44 46 47 49 43 43 40 40 42 43 42 42 43 46 49 51
49 50 46 49 46 46 49 52 43 46 41 43 41 44 41 42 44 45 49 50
49 50 46 46 46 47 47 49 43 46 41 42 41 41 42 42 43 46 51 52
49 52 44 44 45 45 47 49 43 45 41 41 40 41 41 41 42 44 51 53
49 53 43 43 45 46 47 47 43 45 43 44 39 41 40 41 44 44 49 49
46 48 45 45 46 48 50 50 43 44 41 42 42 43 40 42 44 44 48 48
46 47 43 44 45 46 47 50 42 44 42 45 42 42 42 42 44 46 51 52
47 47 45 46 47 49 49 50 44 44 42 42 42 42 40 40 43 45 51 53
49 50 44 44 47 49 49 50 43 45 40 40 42 42 43 45 42 44 48 48
48 50 46 47 45 46 50 50 42 43 43 45 40 43 43 44 43 46 49 49
46 47 46 48 45 45 48 48 44 47 41 42 39 41 40 44 45 47 50 54
49 49 46 48 47 48 50 52 44 45 41 41 39 39 40 41 44 46 48 50
48 50 45 48 45 45 49 49 42 42 41 45 41 42 41 41 42 44 49 49
49 51 43 43 47 47 47 47 43 44 43 44 42 42 41 45 45 48 51 51
48 49 45 46 46 50 49 50 44 44 41 43 40 41 41 43 44 45 48 48
48 48 44 45 47 48 48 49 44 45 43 43 42 42 42 45 42 43 50 52
46 47 45 45 45 45 48 49 43 43 42 44 40 42 42 44 43 46 49 50
48 50 43 44 45 46 49 50 44 45 41 41 39 40 42 43 44 45 50 50
48 50 45 47 47 48 49 50 44 44 40 42 39 41 40 40 44 44 51 52
49 51 46 46 44 48 49 52 44 45 40 41 42 43 40 40 45 46 49 50
47 47 46 46 45 46 49 52 41 42 42 42 41 43 42 42 44 45 49 49
47 49 44 46 45 45 49 49 42 42 43 46 42 44 41 43 45 45 48 52
46 47 43 44 46 46 47 48 44 45 42 43 41 42 43 43 44 46 51 55
47 48 44 46 46 48 47 47 41 43 43 44 42 44 40 42 45 45 49 50
47 48 43 44 47 48 50 51 42 43 43 46 42 42 40 43 44 46 49 50
49 50 44 45 47 48 49 49 44 46 42 42 41 41 40 40 44 48 51 51
46 46 45 47 46 48 50 52 43 45 42 42 40 40 40 40 43 43 51 52
47 47 45 47 46 46 50 50 43 43 43 44 40 41 41 42 43 45 50 51
47 47 43 43 47 51 47 47 44 44 42 44 40 42 43 44 45 46 49 51
48 52 46 47 45 46 49 50 42 43 40 41 40 41 41 41 43 44 48 50
48 50 43 44 45 46 47 49 42 43 40 41 39 39 41 44 42 45 49 50
47 48 44 45 46 48 47 48 44 46 41 45 42 43 40 40 45 46 51 51
49 51 44 44 45 47 48 49 41 42 43 46 40 40 40 40 43 46 49 50
47 47 45 45 46 48 47 48 42 44 42 43 42 43 41 42 42 43 51 52
48 50 46 47 44 46 48 48 44 44 40 44 42 43 41 41 44 46 49 49
47 47 45 46 47 49 50 50 43 45 42 44 40 40 40 44 42 42 49 50
48 48 44 44 47 48 47 47 43 44 42 43 42 44 40 41 43 45 51 52
48 51 43 44 46 47 48 49 43 44 42 44 41 41 42 43 45 47 48 52
46 46 46 49 47 48 48 50 41 42 40 42 42 42 40 40 44 45 48 50
49 51 44 46 46 47 50 50 43 45 41 41 39 40 40 40 43 45 49 50
48 48 43 45 45 45 49 49 43 44 43 43 42 42 41 41 42 42 48 48
47 49 43 44 44 46 47 47 44 46 41 41 42 43 42 42 42 44 50 51
48 50 46 47 44 48 47 51 44 45 42 43 41 41 43 43 42 45 49 49
49 53 43 44 44 45 48 50 43 43 43 43 39 39 42 42 45 48 51 51
48 50 45 46 45 45 50 51 42 45 43 44 39 41 43 46 42 42 48 49
47 48 44 46 45 46 50 50 43 45 41 41 41 41 42 45 44 44 49 53
48 51 44 45 44 48 48 49 42 43 41 43 40 40 42 42 43 43 49 51
47 48 46 50 47 47 48 48 44 44 41 41 41 41 42 42 42 42 50 51
47 49 46 46 45 48 49 49 42 44 40 42 39 40 42 43 42 44 49 49
49 50 44 46 44 44 48 50 41 44 41 41 39 40 41 41 44 44 49 49
47 49 43 43 47 50 49 51 43 46 42 42 40 40 42 45 43 44 48 49
48 49 45 46 44 47 50 53 41 43 40 41 41 42 41 42 45 46 51 52
48 50 43 46 45 47 47 51 41 45 42 43 41 41 41 45 45 48 50 51
46 48 45 46 47 50 48 49 42 43 40 41 39 39 42 42 45 46 48 49
48 50 43 43 44 45 49 52 42 43 40 40 39 43 41 43 44 46 48 48
48 50 45 46 47 49 49 49 43 45 42 43 39 41 42 43 44 45 49 49
47 48 45 46 47 48 48 48 43 45 41 44 39 42 43 44 45 47 48 48
49 52 46 48 44 45 50 53 43 44 41 41 39 39 41 43 44 47 51 52
47 49 43 47 46 48 50 50 41 41 41 41 39 39 42 42 45 47 50 50
49 50 45 45 45 48 48 49 41 41 40 41 42 42 40 42 42 45 50 53
47 49 45 46 44 45 50 52 43 43 43 45 40 44 40 40 42 45 49 49
49 50 43 45 46 47 47 50 41 45 42 44 39 39 43 44 43 47 48 50
46 46 43 44 46 48 47 47 44 45 41 42 39 39 40 41 44 44 50 52
49 50 43 44 45 46 49 49 41 43 43 44 40 40 42 44 43 43 49 50
46 47 44 46 45 48 47 47 41 43 41 41 40 41 41 42 45 45 48 48
48 48 44 44 47 48 48 48 42 43 43 43 40 42 40 42 42 43 48 48
47 48 45 47 45 45 50 51 44 45 41 42 39 41 40 40 43 43 51 51
48 51 45 45 45 46 48 50 44 46 43 44 41 43 40 40 42 43 51 51
49 53 46 47 46 46 47 47 41 41 43 45 42 43 40 42 42 44 51 52
49 50 44 45 45 48 47 47 44 47 43 45 42 42 42 42 42 42 48 49
49 49 44 45 46 46 47 48 44 44 40 42 39 41 40 41 43 47 50 50
49 49 45 46 45 48 47 48 43 44 43 44 41 41 40 44 43 44 48 51
47 47 45 47 47 49 49 49 43 44 43 45 40 41 40 41 44 45 49 49
49 50 44 44 47 48 50 50 42 43 43 43 42 42 42 42 45 46 50 51
49 51 43 44 46 46 48 50 44 45 43 45 42 43 41 41 45 48 49 51
48 48 45 46 45 49 47 48 43 44 42 45 40 41 41 42 45 46 49 50
47 50 46 49 44 44 47 47 43 43 41 41 39 40 43 44 44 45 48 51
49 49 43 44 47 49 50 50 41 44 41 41 39 41 42 42 45 46 51 52
48 49 46 49 47 50 49 49 42 42 43 43 39 39 43 43 44 44 50 51
47 48 45 48 46 46 50 53 43 45 41 42 40 41 42 44 45 48 48 48
49 51 46 49 46 48 50 51 44 45 40 42 41 41 42 43 43 47 51 54
49 49 46 49 44 47 50 54 43 43 43 43 40 43 40 41 44 44 49 49
48 48 45 46 46 47 50 51 43 46 41 42 42 44 40 40 45 46 50 51
49 49 46 46 45 45 47 47 41 43 40 43 40 41 40 42 42 42 51 54
46 47 45 48 44 46 47 48 42 43 41 43 39 41 42 43 45 46 51 52
49 51 45 49 44 45 48 48 42 43 41 45 39 39 40 43 42 43 51 52
46 46 45 45 45 49 50 50 41 41 43 44 41 45 40 44 42 43 51 51
46 47 43 43 44 45 50 50 41 41 43 44 42 43 40 41 42 43 51 53
