1000 1
49 51
48 52
49 50
49 50
48 48
47 47
47 47
47 49
46 49
49 49
47 48
47 47
46 48
49 50
48 50
47 47
49 51
49 50
49 50
47 48
49 50
47 48
48 48
47 47
47 51
48 51
49 50
46 46
48 49
46 46
48 49
46 46
47 48
47 48
46 46
49 49
47 48
49 50
47 47
47 48
48 50
49 50
48 49
49 50
49 49
49 51
47 47
46 46
47 47
47 48
46 49
47 51
49 52
46 46
49 49
48 49
46 48
48 49
46 47
46 48
49 50
49 50
48 51
49 53
48 48
47 49
47 48
49 49
49 49
47 49
48 48
47 50
48 51
47 47
49 52
49 51
49 50
48 50
48 50
46 46
49 49
49 50
47 49
48 48
48 52
48 48
47 48
49 49
48 48
48 48
48 48
46 49
47 48
48 50
49 51
48 49
46 47
48 48
48 49
49 53
49 53
46 46
47 48
48 49
49 51
47 48
46 46
46 47
47 47
49 50
46 46
48 48
47 49
48 48
47 48
46 47
49 49
47 48
47 47
49 49
47 51
49 52
49 50
49 53
49 50
46 46
46 47
49 49
48 50
46 50
46 48
49 49
49 49
47 48
49 50
46 46
47 49
47 51
48 50
48 49
47 49
48 48
49 50
46 47
46 48
47 50
46 49
46 46
48 49
48 49
48 48
49 50
49 51
47 47
47 48
47 47
47 48
49 52
47 47
47 48
46 48
47 50
48 48
49 50
49 49
47 48
46 48
49 52
49 49
47 49
48 49
46 49
48 48
49 49
48 48
49 49
47 47
46 46
47 49
48 50
46 46
48 50
48 49
47 48
48 51
46 46
49 51
47 49
49 51
47 48
48 51
47 48
46 49
46 47
46 47
46 48
49 49
46 49
49 49
49 49
48 50
46 48
46 47
49 49
46 47
46 50
49 52
48 49
48 50
47 48
46 46
46 46
48 50
46 48
48 49
49 51
46 46
46 46
46 46
48 49
47 47
47 48
46 47
46 46
47 48
46 46
47 47
46 47
48 50
46 48
48 48
49 51
47 50
49 49
49 51
47 49
48 52
47 50
46 47
46 46
49 49
49 49
48 50
48 50
46 49
47 48
49 51
47 48
48 49
46 46
46 48
46 46
49 49
47 49
49 50
47 47
48 49
46 46
49 49
46 46
48 50
47 48
47 48
47 48
49 50
46 46
49 49
46 47
47 50
48 50
49 51
49 49
46 46
48 49
49 50
47 47
47 48
48 51
49 49
49 49
49 50
48 50
47 50
48 48
47 47
48 51
48 51
48 51
47 50
49 50
46 50
49 52
46 48
49 50
49 50
48 49
49 49
47 48
46 46
49 50
46 48
47 48
46 50
48 49
49 51
48 49
47 47
48 50
46 47
49 50
49 49
48 49
48 49
47 47
48 48
48 48
49 50
48 49
47 50
46 47
47 47
46 47
49 51
49 50
49 53
48 52
47 50
46 49
46 46
48 49
47 47
49 51
47 48
46 49
48 49
48 48
48 49
48 48
49 49
48 49
47 48
47 49
49 51
49 49
49 49
48 48
48 50
46 46
49 51
48 49
46 47
47 48
49 50
48 48
46 46
48 48
46 47
46 50
49 49
46 50
46 47
47 49
47 51
48 49
48 48
48 48
47 47
49 52
47 48
48 49
46 46
49 50
48 51
46 46
48 48
49 51
47 47
47 50
49 50
48 48
47 47
46 47
46 46
49 50
46 48
49 50
47 48
47 48
46 46
46 48
47 47
48 48
47 47
46 48
48 48
48 48
48 48
49 51
49 49
46 46
49 49
47 48
48 49
46 49
49 50
48 48
48 48
48 52
46 48
48 48
46 47
49 52
46 47
48 51
47 48
49 49
49 52
46 49
48 48
47 47
46 47
48 48
46 47
48 50
47 47
49 50
47 48
46 47
46 49
49 50
48 48
48 49
48 51
46 47
49 49
46 46
49 52
49 49
48 49
46 46
49 49
46 48
47 49
46 47
47 48
49 50
49 52
47 48
48 48
47 47
48 50
48 50
48 52
47 49
47 49
48 48
47 49
49 50
46 47
49 50
47 47
49 49
47 47
49 51
48 49
48 49
46 46
48 49
48 51
47 49
46 46
49 49
46 47
46 47
47 47
46 46
46 47
46 47
48 48
49 51
46 49
47 49
49 51
48 50
48 48
46 49
48 50
46 48
49 50
48 48
46 48
49 51
46 46
49 49
49 52
47 51
47 50
48 48
46 46
47 47
48 51
47 49
49 53
47 50
47 49
49 50
48 49
49 53
48 49
47 47
46 47
48 50
46 49
49 49
47 47
46 50
47 51
46 47
46 47
48 49
49 49
49 49
46 47
46 48
48 49
46 46
47 47
49 49
46 47
49 52
46 49
48 48
49 49
47 48
49 50
47 47
46 47
46 47
49 49
47 47
47 47
49 50
47 51
48 50
46 46
49 51
46 46
47 51
48 48
48 49
49 51
46 47
47 47
49 51
46 48
49 49
47 47
47 47
49 51
46 46
48 49
46 46
48 51
48 48
49 49
48 48
47 48
46 46
48 48
49 49
47 50
47 47
49 50
46 46
48 49
49 49
49 50
48 50
48 49
47 47
49 52
47 50
48 49
46 47
46 48
49 53
47 49
47 48
47 48
49 51
49 51
48 48
48 50
46 47
46 48
49 50
48 52
47 48
47 49
49 50
49 49
46 47
48 51
47 50
48 48
48 50
46 48
48 48
47 47
49 49
49 50
46 49
49 50
49 51
46 48
49 50
48 49
49 49
46 46
49 52
46 47
48 49
47 50
48 49
49 49
48 49
46 47
49 52
47 49
47 48
49 51
48 48
49 49
49 49
49 51
48 48
49 49
49 50
48 49
46 47
48 50
47 49
49 49
46 50
48 50
46 47
46 47
46 46
46 47
46 48
47 47
46 47
49 49
47 50
46 47
49 50
47 47
46 48
48 50
46 48
49 53
48 51
48 48
49 51
49 52
47 49
48 51
46 49
49 49
48 49
47 47
47 47
47 48
48 48
49 49
49 50
48 48
47 50
47 48
47 50
48 48
48 49
49 50
49 49
48 51
47 48
49 52
46 49
49 50
48 50
49 53
49 52
49 49
48 48
48 52
48 48
49 51
46 49
48 48
48 51
48 50
46 46
46 47
49 50
46 47
47 49
46 46
47 48
49 52
47 48
49 49
48 48
49 50
48 51
46 46
46 48
46 50
46 48
48 49
49 52
49 49
46 46
46 48
48 49
48 49
47 47
46 46
47 48
47 47
49 49
48 50
48 49
46 48
48 48
46 47
49 51
48 51
46 46
49 49
49 50
49 53
48 48
46 47
47 47
49 50
49 52
46 47
49 49
47 48
47 50
46 49
49 50
49 50
46 50
49 53
47 47
46 47
48 49
48 52
49 49
46 50
46 47
46 47
49 49
49 49
46 47
49 52
49 50
47 47
46 46
47 51
47 47
48 49
46 46
47 48
48 50
46 47
46 49
47 48
47 49
49 50
47 49
46 46
49 49
49 49
46 48
49 50
48 49
46 47
48 49
46 48
49 49
47 47
49 50
46 46
47 47
47 47
48 48
46 48
47 49
47 49
47 47
46 46
48 50
48 48
47 49
47 48
46 48
48 48
49 51
47 48
47 49
48 52
46 47
46 48
47 48
48 49
47 50
46 48
46 48
49 50
49 51
47 47
46 47
48 48
49 50
46 47
49 50
47 48
48 49
48 49
46 47
46 46
49 49
46 47
48 49
49 49
48 48
48 49
48 51
46 46
47 48
47 48
48 50
47 49
48 48
48 52
48 49
47 48
49 50
49 53
47 48
47 47
49 51
46 46
49 50
48 48
46 48
47 49
46 47
48 50
48 48
48 49
49 49
48 50
49 50
49 51
49 53
47 49
46 46
47 48
48 51
46 46
46 46
47 48
48 48
46 46
47 47
47 50
48 48
48 51
49 50
48 49
49 50
48 48
46 49
49 52
46 47
48 49
46 47
47 51
47 47
49 53
46 47
49 51
49 51
49 51
46 46
48 48
47 49
49 50
49 49
47 48
48 49
48 49
46 46
46 49
47 47
46 47
47 47
47 47
46 49
49 50
46 46
49 49
49 49
48 48
49 51
46 46
49 52
47 47
48 52
46 47
48 49
48 52
46 46
47 48
47 48
47 49
48 48
49 51
49 49
46 47
48 48
46 49
47 49
48 48
49 49
47 48
47 47
48 48
47 49
46 49
48 49
46 50
46 48
48 49
47 48
48 48
48 51
47 47
49 49
49 52
46 49
46 48
46 46
48 48
49 53
47 48
47 47
46 46
49 49
46 47
48 48
46 48
49 50
47 49
48 50
49 50
46 46
46 47
49 52
47 48
48 49
46 47
46 47
48 48
47 50
48 51
46 47
46 48
47 47
46 46
49 53
46 47
48 51
46 46
49 49
48 49
49 49
47 48
48 48
47 47
48 48
46 46
47 47
47 49
48 49
48 48
46 47
